4289.58
9 0 1 2 3 4 5 6 9 12 19 21 
16 7 8 10 11 13 14 15 16 17 18 20 23 24 25 
108 87 88 89 90 91 95 96 97 98 99 100 101 104 105 106 108 109 110 111 112 113 114 115 116 117 118 120 121 122 123 124 126 127 
265 237 240 241 242 245 246 254 255 256 259 260 261 262 263 264 265 267 272 273 278 279 280 281 
196 167 172 174 175 178 179 180 185 186 194 195 196 200 201 209 210 
35 22 26 27 28 29 30 31 32 33 34 35 36 37 38 39 40 41 42 43 44 45 46 
234 216 217 218 219 220 221 222 223 224 225 226 227 228 229 230 231 232 233 234 235 236 238 239 243 244 247 248 249 250 251 252 253 257 258 266 
73 47 48 49 50 51 55 60 61 62 63 67 73 74 75 76 77 78 79 80 84 85 86 
348 327 328 329 330 337 339 341 342 345 346 348 349 350 351 352 355 356 359 360 361 362 363 364 366 367 375 
72 52 53 54 56 57 58 59 64 65 66 68 69 70 71 72 81 82 83 
94 92 93 94 102 103 107 119 
135 125 133 134 135 138 141 143 146 147 148 156 157 165 
168 158 159 160 161 162 163 164 166 168 169 170 171 173 176 177 181 182 183 184 187 188 
205 189 190 191 192 193 197 198 199 202 203 204 205 206 207 208 211 212 213 214 215 
136 128 129 130 131 132 136 137 139 140 142 144 145 149 150 151 152 153 154 155 
294 268 269 270 271 274 275 276 277 282 283 284 285 286 287 288 289 290 291 292 293 294 295 296 299 300 301 302 303 304 305 307 308 311 312 314 316 317 318 319 320 321 
336 297 298 306 309 310 313 315 322 323 324 325 326 331 332 333 334 335 336 338 340 343 344 347 
378 353 354 357 358 365 368 369 370 371 372 373 374 376 377 378 
