4210.84
264 243 244 245 246 248 249 253 254 255 256 260 261 262 263 264 265 267 272 273 278 279 280 281 287 
34 10 11 14 15 16 17 18 23 24 25 30 31 32 33 34 35 38 41 44 46 
42 26 27 28 29 36 37 39 40 42 43 45 47 48 49 50 51 52 55 
377 353 356 357 358 360 361 364 365 367 368 369 370 371 372 373 374 375 376 377 378 
9 0 1 2 3 4 5 6 7 8 9 12 13 19 20 21 22 
336 297 298 301 303 306 309 310 313 315 322 323 324 325 326 331 332 333 334 335 336 338 340 343 344 347 354 
152 128 129 130 131 136 137 139 140 142 144 145 149 150 151 152 153 154 155 156 157 158 159 160 161 162 163 164 165 166 167 168 169 170 
348 339 341 342 345 346 348 349 350 351 352 355 359 362 363 366 
72 53 54 56 57 58 59 64 65 66 68 69 70 71 72 81 82 83 
94 93 94 107 
73 60 61 62 63 67 73 74 75 76 77 78 79 80 84 85 89 
99 86 87 88 90 91 92 95 96 97 98 99 100 101 102 103 104 105 106 108 109 110 111 112 113 114 115 116 117 118 119 120 121 122 123 124 126 127 
135 125 132 133 134 135 138 141 143 146 147 148 
282 250 251 252 257 258 259 266 268 269 270 271 274 275 276 277 282 283 284 285 286 288 
190 171 172 173 174 175 176 177 178 179 180 181 182 183 184 185 186 187 188 189 190 191 192 193 194 195 196 197 198 199 200 201 202 203 204 205 206 207 208 209 210 212 213 
225 211 215 216 217 218 219 220 225 230 231 232 233 234 235 238 239 247 
229 214 221 222 223 224 226 227 228 229 236 237 240 241 242 
316 289 290 291 292 293 294 295 296 299 300 302 304 305 307 308 311 312 314 316 317 318 319 320 321 327 328 329 330 337 
