4160.37
9 0 1 2 3 4 5 9 12 19 21 
196 172 174 175 178 179 180 186 193 194 195 196 199 200 201 203 204 207 208 209 210 213 214 
11 6 7 8 10 11 13 14 15 16 17 18 20 23 24 25 
103 86 88 90 91 92 93 94 99 100 101 102 103 104 105 106 107 112 113 117 118 119 124 125 
73 47 48 49 50 55 60 61 62 63 67 68 73 74 75 76 77 78 79 80 81 82 84 85 87 89 
27 22 26 27 28 29 30 31 32 33 34 35 36 37 38 39 40 41 42 43 45 
120 95 96 97 98 108 109 110 111 114 115 116 120 121 122 123 126 127 
59 44 46 51 52 53 54 56 57 58 59 64 65 66 69 70 71 72 83 
197 168 169 170 171 173 176 177 181 182 183 184 185 187 188 189 190 191 192 197 198 202 205 206 211 212 215 
144 128 129 130 131 132 136 137 138 139 140 141 142 143 144 145 146 149 150 151 152 153 154 155 156 157 158 159 160 161 162 163 164 165 166 167 
135 133 134 135 147 148 
247 216 217 218 219 225 230 231 232 233 234 235 238 239 247 248 250 251 252 253 254 255 257 258 259 260 261 266 
237 220 221 222 223 224 226 227 228 229 236 237 240 241 242 243 244 245 246 249 256 262 263 264 265 
336 298 309 310 313 315 322 323 324 325 326 331 332 333 334 335 336 338 340 343 344 347 
290 267 268 269 270 271 272 273 274 275 276 277 278 279 280 281 282 283 284 285 286 287 288 289 290 291 292 293 294 295 296 297 299 300 301 302 303 304 305 306 307 308 311 312 314 316 317 318 319 320 321 
371 355 356 357 359 360 361 362 363 364 366 367 368 370 371 372 375 
348 327 328 329 330 337 339 341 342 345 346 348 349 350 351 352 
378 353 354 358 365 369 373 374 376 377 378 
