3997.26
9 0 1 2 3 4 5 6 7 8 9 12 19 21 26 
196 180 186 193 194 195 196 199 200 201 203 204 208 209 210 
84 73 74 75 76 77 78 79 84 85 86 87 88 89 90 
347 331 332 333 334 338 339 340 341 342 343 344 345 346 347 350 351 352 353 354 356 357 358 
25 10 11 13 14 15 16 17 18 20 22 23 24 25 27 28 29 30 31 32 33 34 35 
52 36 37 38 39 40 41 42 43 44 45 46 47 48 49 50 51 52 53 54 55 56 57 58 59 60 61 62 63 64 66 67 68 
83 65 69 70 71 72 80 81 82 83 
135 132 133 134 135 138 141 143 146 147 148 
158 137 139 140 142 144 145 149 150 151 152 153 154 155 156 157 158 159 160 161 162 163 164 165 166 167 168 169 170 171 172 173 174 175 176 177 178 179 181 185 
103 91 92 93 94 98 99 100 101 102 103 104 105 106 107 112 113 117 118 119 124 125 
126 95 96 97 108 109 110 111 114 115 116 120 121 122 123 126 127 128 129 130 131 136 
220 207 211 212 213 214 215 216 217 218 219 220 221 222 223 224 225 226 227 228 229 230 231 232 233 234 235 236 237 238 239 240 241 243 244 245 246 247 248 249 
197 182 183 184 187 188 189 190 191 192 197 198 202 205 206 
281 242 250 251 252 253 254 255 256 257 258 259 260 261 262 263 264 265 266 267 268 269 270 271 272 273 274 275 276 277 278 279 280 281 282 283 284 285 286 287 288 293 
362 348 349 355 359 360 361 362 363 364 366 367 368 371 372 375 
316 289 290 291 292 294 295 299 300 302 304 305 307 308 311 312 314 316 317 318 319 320 321 322 327 328 329 330 337 
315 296 297 298 301 303 306 309 310 313 315 323 324 325 326 335 336 
378 365 369 370 373 374 376 377 378 
