3906.7
288 257 258 259 266 268 269 270 271 272 273 274 275 276 277 278 279 282 283 284 285 286 287 288 289 290 291 292 293 294 299 
265 240 241 242 256 261 262 263 264 265 267 280 281 
196 172 174 175 178 179 180 185 186 194 195 196 200 201 209 210 
54 41 43 44 46 47 48 49 50 51 52 53 54 55 56 57 58 59 60 61 62 63 64 65 66 67 68 
25 10 11 13 14 15 16 17 18 20 22 23 24 25 31 32 33 34 
36 26 27 28 29 30 35 36 37 38 39 40 42 45 
337 307 311 314 316 317 318 319 320 321 322 323 327 328 329 330 331 332 333 334 337 338 339 340 341 342 343 344 345 346 347 348 
84 73 74 75 76 77 78 79 84 85 86 87 88 89 90 
83 69 70 71 72 80 81 82 83 
106 91 92 93 94 95 96 97 98 99 100 101 102 103 104 105 106 107 108 109 110 111 112 113 114 115 116 117 118 119 120 121 122 123 124 125 126 127 
205 189 190 191 192 193 197 198 199 202 203 204 205 206 207 208 211 212 213 214 215 225 
378 353 354 357 358 365 369 370 373 374 376 377 378 
148 128 129 130 131 132 133 134 135 136 137 138 139 140 141 142 143 144 145 146 147 148 149 151 153 154 155 156 157 161 162 163 164 165 166 167 
239 216 217 218 219 220 221 222 223 224 226 227 228 229 230 231 232 233 234 235 236 237 238 239 243 244 245 246 247 248 249 250 251 252 253 254 255 260 
9 0 1 2 3 4 5 6 7 8 9 12 19 21 
170 150 152 158 159 160 168 169 170 171 173 176 177 181 182 183 184 187 188 
298 295 296 297 298 300 301 302 303 304 305 306 308 309 310 312 313 315 324 325 326 335 336 
362 349 350 351 352 355 356 359 360 361 362 363 364 366 367 368 371 372 375 
