4089.49
8 0 1 2 3 4 5 6 7 8 9 10 11 12 13 14 15 16 17 18 19 20 21 22 23 24 25 
78 60 61 62 63 66 67 68 69 70 71 72 73 74 75 76 77 78 79 80 81 82 83 84 85 86 87 88 89 90 91 92 
46 31 32 33 34 38 41 44 46 51 52 53 54 56 57 58 59 64 65 
119 93 94 101 102 103 105 106 107 112 113 116 117 118 119 122 123 124 125 
42 26 27 28 29 30 35 36 37 39 40 42 43 45 47 48 49 50 55 
315 296 297 298 301 303 306 309 310 313 315 323 324 325 326 335 336 
108 95 96 97 98 99 100 104 108 109 110 111 114 115 120 121 126 127 
265 228 229 236 237 240 241 242 243 244 245 246 248 249 254 255 256 261 262 263 264 265 267 273 279 280 281 
150 128 129 130 131 136 137 139 140 142 144 145 149 150 151 152 158 159 160 161 
196 172 174 175 178 179 180 185 186 193 194 195 196 198 199 200 201 203 204 207 208 209 210 213 214 
378 365 369 370 373 374 376 377 378 
148 132 133 134 135 138 141 143 146 147 148 153 154 155 156 157 162 163 164 165 166 167 
225 202 205 206 211 212 215 216 217 218 219 220 221 222 223 224 225 226 227 230 231 232 233 234 235 238 239 247 
187 168 169 170 171 173 176 177 181 182 183 184 187 188 189 190 191 192 197 
282 250 251 252 253 257 258 259 260 266 268 269 270 271 272 274 275 276 277 278 282 283 284 285 286 287 288 
362 348 349 355 359 360 361 362 363 364 366 367 368 371 372 375 
316 289 290 291 292 293 294 295 299 300 302 304 305 307 308 311 312 314 316 317 318 319 320 321 322 327 328 329 330 337 
347 331 332 333 334 338 339 340 341 342 343 344 345 346 347 350 351 352 353 354 356 357 358 
