3785.08
46 31 32 33 34 38 41 44 46 51 52 53 54 56 57 58 59 64 65 71 72 
119 92 93 94 101 102 103 105 106 107 112 113 116 117 118 119 122 123 124 125 133 134 135 
42 26 27 28 29 30 35 36 37 39 40 42 43 45 47 48 49 50 55 
361 346 347 349 350 351 352 353 354 355 356 357 358 359 360 361 362 363 364 365 366 367 368 369 370 371 372 373 374 375 376 377 378 
315 297 298 306 309 310 313 315 322 323 324 325 326 332 333 334 335 336 344 
108 95 96 97 98 99 100 104 108 109 110 111 114 115 120 121 126 127 
265 243 244 245 246 256 262 263 264 265 280 281 
196 193 194 195 196 199 200 201 203 204 208 209 210 
136 128 129 130 131 132 136 137 138 139 140 141 142 143 144 145 146 149 150 151 152 
74 60 61 62 63 66 67 68 69 70 73 74 75 76 77 78 79 80 81 82 83 84 85 86 87 88 89 90 91 
166 147 148 153 154 155 156 157 158 159 160 161 162 163 164 165 166 167 171 172 174 175 177 178 179 180 185 186 
187 168 169 170 173 176 181 182 183 184 187 188 189 190 191 192 197 
8 0 1 2 3 4 5 6 7 8 9 10 11 12 13 14 15 16 17 18 19 20 21 22 23 24 25 
215 198 202 205 206 207 211 212 213 215 216 217 218 219 220 225 230 231 
229 214 221 222 223 224 226 227 228 229 232 233 235 236 237 240 241 242 
266 234 238 239 247 248 249 250 251 252 253 254 255 257 258 259 260 261 266 267 268 269 270 271 272 273 274 275 276 277 278 279 282 283 288 
293 284 285 286 287 289 290 291 292 293 294 295 296 299 300 301 302 303 304 305 307 308 312 314 
337 311 316 317 318 319 320 321 327 328 329 330 331 337 338 339 340 341 342 343 345 348 
