4186.79
9 0 1 2 3 4 5 6 7 8 9 12 19 21 
25 10 11 13 14 15 16 17 18 20 22 23 24 25 31 32 33 34 
378 353 354 357 358 365 368 369 370 371 372 373 374 376 377 378 
102 91 92 93 94 96 97 98 99 100 101 102 103 104 105 106 107 112 113 116 117 118 119 124 
179 160 161 162 163 164 165 166 167 171 172 174 175 177 178 179 180 182 183 184 185 186 187 188 192 193 194 195 196 199 200 201 
89 73 74 75 76 77 84 85 86 87 88 89 90 
135 125 132 133 134 135 138 141 143 146 147 148 
43 26 27 28 29 30 35 36 37 38 39 40 41 42 43 44 45 46 47 48 49 50 51 52 53 54 55 56 57 60 61 62 
336 297 298 303 306 309 310 313 315 324 325 326 331 332 333 334 335 336 340 343 344 347 
152 136 137 139 140 142 144 145 149 150 151 152 153 154 155 156 157 158 159 168 169 170 173 176 181 
83 58 59 63 64 65 66 67 68 69 70 71 72 78 79 80 81 82 83 
215 189 190 191 197 198 202 203 204 205 206 207 208 209 211 212 213 215 216 217 218 219 220 225 230 231 234 
126 95 108 109 110 111 114 115 120 121 122 123 126 127 128 129 130 131 
321 295 296 299 300 301 302 304 305 307 308 311 312 314 316 317 318 319 320 321 322 323 327 328 329 330 337 338 
229 210 214 221 222 223 224 226 227 228 229 232 233 235 236 237 238 239 240 241 242 
288 247 250 251 252 253 257 258 259 260 266 268 269 270 271 272 273 274 275 276 277 278 279 282 283 284 285 286 287 288 289 290 291 292 293 294 
265 243 244 245 246 248 249 254 255 256 261 262 263 264 265 267 280 281 
348 339 341 342 345 346 348 349 350 351 352 355 356 359 360 361 362 363 364 366 367 375 
