4129.78
196 193 194 195 196 199 200 201 203 204 207 208 209 210 
94 92 93 94 102 103 107 119 
16 7 8 10 11 13 14 15 16 17 18 20 23 24 25 
264 243 244 245 246 248 249 253 254 255 256 260 261 262 263 264 265 267 272 273 278 279 280 281 287 
126 95 96 97 98 99 100 101 104 105 106 108 109 110 111 112 113 114 115 116 117 118 120 121 122 123 124 126 127 128 129 130 131 136 139 150 
41 26 27 28 29 30 31 32 33 34 35 36 37 38 39 40 41 42 43 44 45 46 47 48 49 50 51 52 53 54 55 56 57 58 59 
135 125 132 133 134 135 137 138 141 143 146 147 148 
165 140 142 144 145 149 151 152 153 154 155 156 157 158 159 160 161 162 163 164 165 166 167 171 172 174 175 177 178 179 180 185 186 
197 168 169 170 173 176 181 182 183 184 187 188 189 190 191 192 197 198 202 205 206 
9 0 1 2 3 4 5 6 9 12 19 21 22 
78 60 61 62 63 64 65 66 67 68 69 70 71 72 73 74 75 76 77 78 79 80 81 82 83 84 85 86 87 88 89 90 91 
216 211 212 213 215 216 217 218 219 220 225 226 230 231 232 233 234 235 238 239 247 
229 214 221 222 223 224 227 228 229 236 237 240 241 242 
282 250 251 252 257 258 259 266 268 269 270 271 274 275 276 277 282 283 284 285 286 288 
316 289 290 291 292 293 294 295 296 299 300 302 304 305 307 308 311 312 314 316 317 318 319 320 321 327 328 329 330 337 
336 297 298 301 303 306 309 310 313 315 322 323 324 325 326 331 332 333 334 335 336 338 340 343 344 347 
348 339 341 342 345 346 348 349 350 351 352 355 356 359 360 361 362 363 364 366 367 375 
378 353 354 357 358 365 368 369 370 371 372 373 374 376 377 378 
