4090.21
34 23 24 25 26 27 28 29 30 31 32 33 34 35 38 41 46 
89 74 75 76 77 84 85 86 87 88 89 90 91 95 96 97 98 99 108 109 
210 192 193 194 195 196 198 199 200 201 203 204 206 207 208 209 210 212 213 214 221 222 223 224 227 228 229 
83 64 65 68 69 70 71 72 78 79 80 81 82 83 92 93 
8 0 1 2 3 4 5 6 7 8 9 10 11 12 13 14 15 16 17 18 19 20 21 22 
215 189 190 191 197 202 205 211 215 216 217 218 219 220 225 226 
378 365 369 370 373 374 376 377 378 
125 94 100 101 102 103 104 105 106 107 111 112 113 115 116 117 118 119 122 123 124 125 133 134 135 
297 296 297 298 300 301 302 303 305 306 308 309 310 312 313 315 322 323 324 325 326 
136 110 114 120 121 126 127 128 129 130 131 132 136 137 138 139 140 141 142 143 144 145 149 150 151 152 
50 36 37 39 40 42 43 44 45 47 48 49 50 51 52 53 54 55 56 57 58 59 60 61 62 63 66 67 73 
165 146 147 148 153 154 155 156 157 159 160 161 162 163 164 165 166 167 171 172 174 175 177 178 179 180 185 186 
168 158 168 169 170 173 176 181 182 183 184 187 188 
362 348 349 350 351 352 355 359 360 361 362 363 364 366 367 368 371 372 375 
247 230 231 232 233 234 235 238 239 247 248 249 250 251 252 253 257 258 259 266 268 269 270 
265 236 237 240 241 242 243 244 245 246 254 255 256 260 261 262 263 264 265 267 271 272 273 277 278 279 280 281 287 
299 274 275 276 282 283 284 285 286 288 289 290 291 292 293 294 295 299 304 307 311 314 316 317 318 319 320 321 337 
344 327 328 329 330 331 332 333 334 335 336 338 339 340 341 342 343 344 345 346 347 353 354 356 357 358 
