4057.85
8 0 1 2 3 4 5 6 7 8 9 10 11 12 13 14 15 16 17 18 19 20 21 22 
73 60 61 62 63 67 68 73 74 75 76 77 78 79 80 81 82 84 85 86 
150 128 129 130 131 136 137 139 140 142 144 145 149 150 151 152 158 168 
34 23 24 25 30 31 32 33 34 35 38 41 44 
42 26 27 28 29 36 37 39 40 42 43 45 47 48 49 50 55 
108 87 88 89 90 91 95 96 97 98 99 100 101 104 105 106 108 109 110 111 112 113 114 115 116 117 118 120 121 122 123 124 126 127 
347 332 333 334 335 336 338 339 340 341 342 343 344 345 346 347 350 351 352 353 354 356 357 358 
94 92 93 94 102 103 107 119 
135 125 132 133 134 135 138 141 143 146 147 148 
282 250 251 252 253 254 257 258 259 260 261 262 263 266 267 268 269 270 271 272 273 274 275 276 277 278 279 280 282 283 284 285 286 287 288 289 290 294 
167 153 154 155 156 157 159 160 161 162 163 164 165 166 167 171 172 174 175 177 178 179 180 185 186 195 196 
59 46 51 52 53 54 56 57 58 59 64 65 66 69 70 71 72 83 
197 169 170 173 176 181 182 183 184 187 188 189 190 191 192 193 194 197 198 199 200 201 202 203 204 205 206 207 208 209 211 215 
230 210 212 213 214 216 217 218 219 220 221 222 223 224 225 226 227 228 229 230 231 232 233 234 235 236 237 238 239 240 241 242 243 244 245 246 247 248 249 255 256 264 
321 291 292 293 295 299 300 302 304 305 307 308 311 312 314 316 317 318 319 320 321 322 323 324 325 327 328 329 330 331 337 
298 265 281 296 297 298 301 303 306 309 310 313 315 326 
362 348 349 355 359 360 361 362 363 364 366 367 368 371 372 375 
378 365 369 370 373 374 376 377 378 
