4128.78
9 0 1 2 3 4 5 9 12 19 21 22 
11 6 7 8 10 11 13 14 15 16 17 18 20 23 24 25 34 
37 26 27 28 29 30 31 32 33 35 36 37 38 39 40 41 42 43 44 45 47 48 49 50 51 52 53 55 
198 189 190 191 192 193 194 195 196 197 198 199 200 201 202 203 204 205 206 207 208 209 210 211 212 213 214 215 
72 46 54 56 57 58 59 60 61 62 63 64 65 66 67 68 69 70 71 72 80 81 82 83 
107 92 93 94 99 100 101 102 103 104 105 106 107 110 111 112 113 114 115 116 117 118 119 121 122 123 124 125 
242 221 222 223 224 226 227 228 229 236 237 240 241 242 243 244 245 246 256 262 263 264 265 
150 126 127 128 129 130 131 136 137 139 140 142 144 145 149 150 151 152 158 
167 153 154 155 156 157 159 160 161 162 163 164 165 166 167 171 172 174 175 177 178 179 180 185 186 
89 73 74 75 76 77 78 79 84 85 86 87 88 89 90 91 95 96 97 98 108 109 120 
135 132 133 134 135 138 141 143 146 147 148 
181 168 169 170 173 176 181 182 183 184 187 188 
362 348 349 350 351 352 355 359 360 361 362 363 364 366 367 368 371 372 375 
247 216 217 218 219 220 225 230 231 232 233 234 235 238 239 247 248 249 250 251 252 253 254 255 257 258 259 260 261 266 267 268 269 270 271 272 273 
299 274 275 276 277 278 279 282 283 284 285 286 287 288 289 290 291 292 293 294 295 299 300 302 304 305 307 308 311 312 314 316 317 318 319 320 321 337 
344 322 323 324 325 327 328 329 330 331 332 333 334 335 336 338 339 340 341 342 343 344 345 346 347 353 354 356 357 358 
298 280 281 296 297 298 301 303 306 309 310 313 315 326 
378 365 369 370 373 374 376 377 378 
