4264.19
163 137 139 140 142 144 145 149 150 151 152 153 154 155 156 157 158 159 160 161 162 163 164 165 166 167 171 172 174 175 177 178 179 180 185 186 
265 237 240 241 242 245 246 253 254 255 256 258 259 260 261 262 263 264 265 267 270 271 272 273 277 278 279 280 281 287 
196 193 194 195 196 199 200 201 203 204 207 208 209 210 213 214 
84 67 73 74 75 76 77 78 79 80 81 84 85 86 87 88 89 90 
377 360 361 364 367 368 370 371 372 373 374 375 376 377 378 
354 344 347 352 353 354 356 357 358 365 369 
9 0 1 2 3 4 5 6 7 8 9 12 13 19 20 21 22 
55 36 37 39 40 42 43 45 47 48 49 50 51 52 53 54 55 60 61 62 63 
348 327 328 329 330 337 338 339 340 341 342 343 345 346 348 349 350 351 355 359 362 363 366 
72 56 57 58 59 64 65 66 68 69 70 71 72 82 83 
231 216 217 218 219 220 221 222 223 224 225 226 227 228 229 230 231 232 233 234 235 236 238 239 243 244 247 248 249 250 251 252 257 266 
93 91 92 93 94 99 100 101 102 103 105 106 107 119 
34 10 11 14 15 16 17 18 23 24 25 26 27 28 29 30 31 32 33 34 35 38 41 44 46 
126 95 96 97 98 104 108 109 110 111 112 113 114 115 116 117 118 120 121 122 123 124 126 127 128 129 130 131 136 
135 125 132 133 134 135 138 141 143 146 147 148 
197 168 169 170 173 176 181 182 183 184 187 188 189 190 191 192 197 198 202 205 206 211 212 215 
299 268 269 274 275 276 282 283 284 285 286 288 289 290 291 292 293 294 295 299 300 302 304 305 307 308 311 312 314 316 317 318 319 320 321 
315 296 297 298 301 303 306 309 310 313 315 322 323 324 325 326 331 332 333 334 335 336 
