3909.21
59 44 46 51 52 53 54 56 57 58 59 61 63 64 65 66 68 69 70 71 72 83 
337 314 316 317 318 319 320 321 322 323 327 328 329 330 337 338 339 341 348 
84 60 62 67 73 74 75 76 77 78 79 80 81 82 84 85 86 87 88 89 90 91 
249 221 222 223 224 226 227 228 229 230 231 232 233 234 235 236 237 238 239 240 241 242 243 244 245 246 247 248 249 250 251 252 253 254 255 256 257 258 259 260 261 262 263 264 265 266 267 270 271 272 273 278 279 280 281 
42 26 27 28 29 35 36 37 38 39 40 41 42 43 45 47 48 49 50 55 
157 132 133 134 135 137 138 139 140 141 142 143 144 145 146 147 148 149 150 151 152 153 154 155 156 157 158 159 160 161 162 163 164 165 166 167 171 172 174 175 178 179 
9 0 1 2 3 4 5 6 7 8 9 12 19 21 
196 180 186 193 194 195 196 198 199 200 201 203 204 208 209 210 214 
347 331 332 333 334 335 336 340 342 343 344 345 346 347 350 351 352 353 354 356 357 358 
25 10 11 13 14 15 16 17 18 20 22 23 24 25 30 31 32 33 34 
94 92 93 94 102 103 107 
215 202 205 206 207 211 212 213 215 216 217 218 219 220 225 
122 95 96 97 98 99 100 101 104 105 106 108 109 110 111 112 113 114 115 116 117 118 119 120 121 122 123 124 125 126 127 128 129 130 131 136 
187 168 169 170 173 176 177 181 182 183 184 185 187 188 189 190 191 192 197 
294 268 269 274 275 276 277 282 283 284 285 286 287 288 289 290 291 292 293 294 295 299 300 302 304 305 307 308 311 312 
298 296 297 298 301 303 306 309 310 313 315 324 325 326 
362 349 355 359 360 361 362 363 364 366 367 368 371 372 375 
378 365 369 370 373 374 376 377 378 
