4180.7
21 0 1 2 3 4 5 6 7 8 9 12 13 19 20 21 22 26 27 28 29 36 
34 10 11 14 15 16 17 18 23 24 25 30 31 32 33 34 35 37 38 40 41 44 46 
188 158 159 160 161 162 163 164 165 166 167 168 169 170 171 172 173 174 175 176 177 178 179 181 182 183 184 185 186 187 188 189 190 191 192 193 197 198 202 206 
94 83 93 94 107 
336 297 298 306 309 310 313 315 322 323 324 325 326 331 332 333 334 335 336 338 340 343 344 347 
60 39 42 43 45 47 48 49 50 51 52 53 54 55 56 57 58 59 60 61 62 63 64 65 66 67 68 69 70 71 72 73 82 
294 283 284 285 286 287 288 289 290 291 292 293 294 295 296 299 300 301 302 303 304 305 307 308 311 312 314 316 317 318 319 320 321 
225 205 211 212 215 216 217 218 219 220 225 230 231 232 233 234 235 
105 91 92 95 96 97 98 99 100 101 102 103 104 105 106 108 109 110 111 112 113 114 115 116 117 118 119 122 123 124 
128 120 121 126 127 128 129 130 131 132 136 137 139 140 142 144 145 149 150 151 152 153 154 155 
250 239 247 248 249 250 251 252 253 254 255 256 257 258 259 260 261 262 263 266 267 268 269 270 271 272 273 274 275 276 277 278 279 280 281 282 
89 74 75 76 77 78 79 80 81 84 85 86 87 88 89 90 
135 125 133 134 135 138 141 143 146 147 148 156 157 
196 180 194 195 196 199 200 201 203 204 207 208 209 210 213 214 
237 221 222 223 224 226 227 228 229 236 237 238 240 241 242 243 244 245 246 264 265 
371 355 356 357 359 360 361 362 363 364 366 367 368 370 371 372 375 
348 327 328 329 330 337 339 341 342 345 346 348 349 350 351 352 
378 353 354 358 365 369 373 374 376 377 378 
