3989.4
8 0 1 2 3 4 5 6 7 8 9 10 11 12 13 14 15 16 17 18 19 20 21 22 23 24 25 
265 254 255 256 260 261 262 263 264 265 267 272 273 279 280 281 
173 158 168 169 170 173 176 181 182 183 184 187 188 
73 60 61 62 63 66 67 68 69 73 74 75 76 77 78 79 80 81 82 84 85 86 87 88 89 
205 189 190 191 192 193 194 197 198 199 200 201 202 203 204 205 206 207 208 209 210 211 212 213 214 215 216 217 218 219 225 
227 220 221 222 223 224 226 227 228 229 230 232 236 237 240 241 242 243 244 245 246 
315 297 298 301 303 306 309 310 313 315 322 323 324 325 326 332 333 334 335 336 344 
108 90 91 95 96 97 98 99 100 101 104 105 106 108 109 110 111 112 113 114 115 116 117 118 120 121 122 123 124 126 127 
46 31 32 33 34 38 41 44 46 51 52 53 54 56 57 58 59 64 65 70 71 72 
94 83 92 93 94 102 103 107 119 125 
149 128 129 130 131 132 133 134 135 136 137 138 139 140 141 142 143 144 145 146 147 148 149 150 151 152 153 154 155 156 157 159 160 161 162 
42 26 27 28 29 30 35 36 37 39 40 42 43 45 47 48 49 50 55 
180 163 164 165 166 167 171 172 174 175 177 178 179 180 185 186 195 196 
362 349 350 351 352 355 356 359 360 361 362 363 364 366 367 368 371 372 375 
247 231 233 234 235 238 239 247 248 249 250 251 252 253 257 258 259 266 
290 268 269 270 271 274 275 276 277 278 282 283 284 285 286 287 288 289 290 291 292 293 294 295 296 299 300 302 304 305 307 308 311 312 314 
337 316 317 318 319 320 321 327 328 329 330 331 337 338 339 340 341 342 343 345 346 347 348 
378 353 354 357 358 365 369 370 373 374 376 377 378 
