4102.39
21 0 1 2 3 9 12 19 21 22 
18 4 5 6 7 8 10 11 13 14 15 16 17 18 20 23 24 25 
38 26 27 28 29 30 31 32 33 34 35 36 37 38 39 40 41 43 44 46 
377 360 361 362 363 364 366 367 368 370 371 372 373 374 375 376 377 378 
354 347 350 351 352 353 354 356 357 358 365 369 
55 42 45 47 48 49 50 51 52 53 54 55 60 61 62 63 67 73 
72 56 57 58 59 64 65 66 68 69 70 71 72 80 81 82 83 
187 158 168 169 170 173 176 181 182 183 184 187 188 189 190 191 192 197 198 202 
94 92 93 94 101 102 103 106 107 119 
129 104 105 110 111 112 113 114 115 116 117 118 120 121 122 123 124 126 127 128 129 130 131 132 136 137 138 139 140 141 142 143 144 145 149 150 151 152 153 154 155 
89 74 75 76 77 78 79 84 85 86 87 88 89 90 91 95 96 97 98 99 100 108 109 
135 125 133 134 135 146 147 148 
180 156 157 159 160 161 162 163 164 165 166 167 171 172 174 175 177 178 179 180 185 186 193 194 195 196 199 200 201 
339 311 316 317 318 319 320 321 327 328 329 330 331 332 333 334 337 338 339 340 341 342 343 344 345 346 348 349 355 359 
247 225 231 234 235 238 239 247 248 249 250 251 252 253 257 266 
224 203 204 205 206 207 208 209 210 211 212 213 214 215 216 217 218 219 220 221 222 223 224 226 227 228 229 230 232 233 236 237 240 241 242 243 244 245 246 
287 254 255 256 258 259 260 261 262 263 264 265 267 268 269 270 271 272 273 274 275 276 277 278 279 280 281 282 283 284 285 286 287 288 289 290 291 292 293 294 295 296 299 300 
315 297 298 301 302 303 304 305 306 307 308 309 310 312 313 314 315 322 323 324 325 326 335 336 
