4218.92
84 62 67 73 74 75 76 77 78 79 80 81 84 85 86 87 88 89 90 91 
65 51 52 53 54 56 57 58 59 60 61 63 64 65 66 68 69 70 71 72 82 83 
42 26 27 28 29 36 37 39 40 42 43 45 47 48 49 50 55 
348 339 341 342 345 346 348 349 350 351 352 355 356 359 360 361 362 363 364 366 367 375 
164 137 140 142 144 145 149 151 153 154 155 156 157 159 160 161 162 163 164 165 166 167 171 172 174 175 177 178 179 180 185 186 
94 92 93 94 102 103 107 119 
8 0 1 2 3 4 5 6 7 8 9 10 11 12 13 14 15 16 17 18 19 20 21 22 
215 189 190 191 192 197 202 205 206 207 211 212 213 215 216 217 218 219 220 225 230 231 234 
34 23 24 25 30 31 32 33 34 35 38 41 44 46 
126 95 96 97 98 99 100 101 104 105 106 108 109 110 111 112 113 114 115 116 117 118 120 121 122 123 124 126 127 128 129 130 131 136 139 
135 125 132 133 134 135 138 141 143 146 147 148 
168 150 152 158 168 169 170 173 176 181 182 183 184 187 188 
242 221 222 223 224 226 227 228 229 232 233 235 236 237 238 239 240 241 242 243 244 245 246 248 249 255 256 262 263 264 265 281 
196 193 194 195 196 198 199 200 201 203 204 208 209 210 214 
282 247 250 251 252 253 254 257 258 259 260 261 266 267 268 269 270 271 272 273 274 275 276 277 278 279 280 282 283 284 285 286 287 288 
316 289 290 291 292 293 294 295 296 299 300 302 304 305 307 308 311 312 314 316 317 318 319 320 321 327 328 329 330 337 
336 297 298 301 303 306 309 310 313 315 322 323 324 325 326 331 332 333 334 335 336 338 340 343 344 347 
378 353 354 357 358 365 368 369 370 371 372 373 374 376 377 378 
