3892.75
21 0 9 19 21 22 
197 182 183 184 187 188 189 190 191 192 197 198 202 205 
299 282 283 284 288 289 290 291 292 293 294 295 299 300 302 304 305 307 308 311 316 
46 31 32 33 34 38 41 44 46 51 52 53 54 56 57 58 59 64 65 
330 312 314 317 318 319 320 321 322 323 327 328 329 330 331 332 333 334 337 338 339 340 341 342 343 344 
8 1 2 3 4 5 6 7 8 10 11 12 13 14 15 16 17 18 20 23 24 25 
78 60 61 62 63 66 67 68 69 70 71 72 73 74 75 76 77 78 79 80 81 82 83 84 85 86 87 88 89 90 91 92 
256 236 237 239 240 241 242 243 244 245 246 248 249 250 251 252 253 254 255 256 257 258 259 260 261 262 263 264 265 266 267 268 269 270 271 272 273 274 275 276 277 278 279 280 281 285 286 287 
210 193 194 195 196 199 200 201 203 204 206 207 208 209 210 212 213 214 221 222 223 224 227 228 229 
315 296 297 298 301 303 306 309 310 313 315 324 325 326 335 336 
108 95 96 97 98 99 100 101 104 105 108 109 110 111 112 114 115 116 120 121 126 127 128 129 
378 365 369 373 374 376 377 378 
125 93 94 102 103 106 107 113 117 118 119 122 123 124 125 130 131 132 133 134 135 138 141 147 148 
158 136 137 139 140 142 143 144 145 146 149 150 151 152 153 154 155 156 157 158 159 160 161 162 163 168 169 170 171 173 176 177 181 
42 26 27 28 29 30 35 36 37 39 40 42 43 45 47 48 49 50 55 
180 164 165 166 167 172 174 175 178 179 180 185 186 
225 211 215 216 217 218 219 220 225 226 230 231 232 233 234 235 238 247 
349 345 346 347 348 349 350 351 352 353 354 355 356 357 358 359 360 361 362 363 364 366 367 368 370 371 372 375 
