4401.32
135 122 123 124 125 132 133 134 135 138 141 143 146 147 148 157 165 
42 26 27 28 29 35 36 37 39 40 42 43 45 55 
377 355 359 360 361 362 363 364 365 366 367 368 369 370 371 372 373 374 375 376 377 378 
9 0 1 2 3 4 5 6 7 8 9 12 19 21 
46 38 41 44 46 53 54 56 57 58 59 
67 47 48 49 50 51 52 60 61 62 63 64 65 66 67 68 69 70 71 72 73 74 75 76 77 78 79 80 81 82 83 
90 84 85 86 87 88 89 90 91 92 95 96 97 98 99 100 101 104 105 106 108 109 110 111 112 113 114 115 116 117 118 120 
25 10 11 13 14 15 16 17 18 20 22 23 24 25 30 31 32 33 34 
94 93 94 102 103 107 119 
265 245 246 254 255 256 259 260 261 262 263 264 265 267 272 273 278 279 280 281 
150 121 126 127 128 129 130 131 136 137 139 140 142 144 145 149 150 151 152 153 154 155 156 158 159 160 161 162 163 164 
195 166 167 172 174 175 178 179 180 185 186 193 194 195 196 198 199 200 201 203 204 206 207 208 209 210 212 213 214 
187 168 169 170 171 173 176 177 181 182 183 184 187 188 189 190 191 192 197 202 205 
234 211 215 216 217 218 219 220 225 226 230 231 232 233 234 235 238 239 243 244 247 248 249 250 251 252 253 257 258 266 
344 322 323 324 325 327 328 329 330 331 332 333 334 335 336 337 338 339 340 341 342 343 344 345 346 347 348 349 350 351 352 353 354 356 357 358 
298 296 297 298 301 303 306 309 310 313 315 326 
229 221 222 223 224 227 228 229 236 237 240 241 242 
294 268 269 270 271 274 275 276 277 282 283 284 285 286 287 288 289 290 291 292 293 294 295 299 300 302 304 305 307 308 311 312 314 316 317 318 319 320 321 
