3870.55
375 349 350 351 352 355 356 359 360 361 362 363 364 366 367 368 371 372 375 
7 0 1 2 3 4 5 6 7 8 9 10 11 12 13 14 15 16 17 18 19 20 21 22 23 24 25 
315 297 298 301 302 303 304 305 306 307 308 309 310 312 313 314 315 322 323 324 325 326 335 336 
62 47 48 49 50 51 52 53 54 55 60 61 62 63 64 66 67 68 69 70 71 73 
46 31 32 33 34 38 41 44 46 56 57 58 59 65 72 
339 311 316 317 318 319 320 321 327 328 329 330 331 332 333 334 337 338 339 340 341 342 343 344 345 346 347 348 
86 74 75 76 77 78 79 80 81 82 83 84 85 86 87 88 89 90 91 92 99 100 101 
42 26 27 28 29 30 35 36 37 39 40 42 43 45 
242 227 228 229 236 237 240 241 242 243 244 245 246 248 249 265 
196 193 194 195 196 198 199 200 201 203 204 207 208 209 210 
94 93 94 102 103 107 119 
182 168 169 170 173 176 181 182 183 184 187 188 189 190 191 192 197 
287 250 251 252 253 254 255 256 257 258 259 260 261 262 263 264 266 267 268 269 270 271 272 273 274 275 276 277 278 279 280 281 282 283 284 285 286 287 288 289 290 291 292 293 294 295 296 299 300 
126 95 96 97 98 104 105 106 108 109 110 111 112 113 114 115 116 117 118 120 121 122 123 124 126 127 128 129 130 131 136 139 150 
135 125 132 133 134 135 138 141 143 146 147 148 
164 137 140 142 144 145 149 151 152 153 154 155 156 157 158 159 160 161 162 163 164 165 166 167 171 172 174 175 177 178 179 180 185 186 
378 353 354 357 358 365 369 370 373 374 376 377 378 
217 202 205 206 211 212 213 214 215 216 217 218 219 220 221 222 223 224 225 226 230 231 232 233 234 235 238 239 247 
