4309.44
34 10 11 14 15 16 17 18 23 24 25 30 31 32 33 34 35 38 41 44 46 
377 360 361 362 363 364 366 367 368 370 371 372 373 374 375 376 377 378 
354 344 347 351 352 353 354 356 357 358 365 369 
9 0 1 2 3 4 5 6 7 8 9 12 13 19 20 21 22 
72 53 54 56 57 58 59 60 61 62 63 64 65 66 67 68 69 70 71 72 80 81 82 83 
215 189 190 191 192 197 198 202 203 204 205 206 207 208 209 210 211 212 213 214 215 216 217 218 219 220 225 230 231 232 234 
107 92 93 94 99 100 101 102 103 104 105 106 107 111 112 113 115 116 117 118 119 123 124 125 
311 289 290 291 292 294 299 304 307 311 314 316 317 318 319 320 321 
242 221 222 223 224 226 227 228 229 233 235 236 237 238 239 240 241 242 243 244 245 246 248 249 255 256 262 263 264 265 
173 158 159 168 169 170 173 176 181 182 183 184 187 188 
297 281 293 295 296 297 298 300 301 302 303 305 306 308 309 310 312 313 315 322 323 324 325 326 335 336 
136 110 114 120 121 122 126 127 128 129 130 131 132 136 137 139 140 142 144 145 149 150 151 152 153 154 155 
341 327 328 329 330 331 332 333 334 337 338 339 340 341 342 343 345 346 348 349 350 355 359 
42 26 27 28 29 36 37 39 40 42 43 45 47 48 49 50 51 52 55 
180 156 157 160 161 162 163 164 165 166 167 171 172 174 175 177 178 179 180 185 186 193 194 195 196 199 200 201 
89 73 74 75 76 77 78 79 84 85 86 87 88 89 90 91 95 96 97 98 108 109 
135 133 134 135 138 141 143 146 147 148 
282 247 250 251 252 253 254 257 258 259 260 261 266 267 268 269 270 271 272 273 274 275 276 277 278 279 280 282 283 284 285 286 287 288 
