4158.5
89 73 74 75 76 77 78 79 80 81 82 84 85 86 87 88 89 90 91 95 96 97 98 108 109 
25 10 11 13 14 15 16 17 18 20 22 23 24 25 30 31 32 33 34 
42 26 27 28 29 35 36 37 38 39 40 41 42 43 45 47 48 55 
377 360 361 364 367 368 370 371 372 373 374 375 376 377 378 
354 344 347 352 353 354 356 357 358 365 369 
9 0 1 2 3 4 5 6 7 8 9 12 19 21 
57 44 46 49 50 51 52 53 54 56 57 58 59 60 61 62 63 64 65 66 67 68 69 70 71 72 83 
136 114 120 121 126 127 128 129 130 131 132 136 137 138 139 140 141 142 143 144 145 149 150 151 152 
247 225 231 234 235 238 239 247 248 249 250 251 252 253 257 258 259 266 268 269 270 274 275 276 
224 202 205 206 207 211 212 213 214 215 216 217 218 219 220 221 222 223 224 226 227 228 229 230 232 233 236 237 240 
119 92 93 94 99 100 101 102 103 104 105 106 107 110 111 112 113 115 116 117 118 119 122 123 124 125 133 134 135 
165 146 147 148 153 154 155 156 157 159 160 161 162 163 164 165 166 167 171 172 174 175 177 178 179 180 185 186 
265 241 242 243 244 245 246 254 255 256 260 261 262 263 264 265 267 271 272 273 277 278 279 280 281 287 
196 192 193 194 195 196 198 199 200 201 203 204 208 209 210 
173 158 168 169 170 173 176 181 182 183 184 187 188 189 190 191 197 
299 282 283 284 285 286 288 289 290 291 292 293 294 295 299 300 302 304 305 307 308 311 312 314 316 317 318 319 320 321 
315 296 297 298 301 303 306 309 310 313 315 322 323 324 325 326 331 332 333 334 335 336 
348 327 328 329 330 337 338 339 340 341 342 343 345 346 348 349 350 351 355 359 362 363 366 
