7595.2
137 99 100 104 121 122 123 124 125 126 127 128 137 138 139 150 151 153 156 163 174 175 176 
159 105 130 140 154 158 159 164 165 166 182 183 
36 1 2 8 9 10 11 12 13 14 15 16 17 18 19 20 21 33 36 42 43 48 49 53 55 56 57 58 59 68 
412 357 358 375 387 403 404 412 422 426 427 435 436 437 466 
82 82 88 90 91 93 
35 35 37 38 39 40 45 46 52 54 
265 253 265 290 304 305 310 311 312 320 321 332 343 344 
74 60 61 62 63 64 65 69 70 71 72 73 74 75 76 77 78 79 80 81 98 101 102 103 
5 3 4 5 22 23 24 25 26 27 28 29 30 31 34 44 51 66 67 
212 199 200 201 209 210 211 212 214 215 217 222 223 224 229 230 231 239 241 249 250 251 
86 83 84 85 86 87 92 94 95 97 
132 89 96 106 107 108 109 110 111 131 132 133 145 146 167 177 185 186 
157 152 157 184 202 203 208 213 
269 216 218 219 225 226 232 233 234 242 254 258 259 260 261 266 267 268 269 270 271 272 273 274 275 276 277 278 293 294 295 296 297 298 299 300 307 308 313 314 315 316 317 322 323 324 325 335 336 337 
32 0 6 7 32 41 47 50 
361 309 318 319 326 327 328 329 338 339 340 346 353 359 360 361 362 363 364 365 376 377 378 379 380 381 382 392 396 397 398 399 405 406 407 408 409 
170 112 113 114 115 116 117 118 119 120 129 134 135 136 141 142 143 144 147 148 149 155 160 161 162 168 169 170 171 172 173 178 179 180 181 187 188 189 190 191 192 193 194 195 196 197 198 204 205 206 207 220 221 227 228 235 236 237 243 245 
264 238 240 244 246 252 264 292 301 330 333 334 345 
499 451 452 453 454 455 456 457 459 464 465 467 476 477 480 483 484 486 487 495 496 497 498 499 500 504 505 529 530 531 532 533 534 535 539 540 544 
425 356 374 386 388 389 390 391 393 394 395 401 402 411 420 421 423 424 425 434 458 468 
289 247 248 255 256 257 262 263 279 280 281 282 283 284 285 286 287 288 289 291 302 303 306 331 341 342 352 
383 347 348 349 350 351 354 355 366 367 368 369 370 371 372 373 383 384 385 400 410 413 418 419 430 431 432 433 450 
648 603 604 605 606 607 608 623 628 629 630 631 632 636 637 638 639 648 649 
554 516 517 518 519 520 521 522 523 524 525 526 527 528 536 537 553 554 560 561 562 571 572 573 574 575 576 582 583 584 595 596 597 598 
507 478 501 506 507 541 542 543 545 546 547 548 549 557 565 566 588 589 
460 414 415 416 417 428 429 438 439 440 441 442 443 444 445 446 447 448 449 460 461 462 463 469 470 472 473 474 475 482 490 491 492 493 494 503 
538 471 479 481 485 488 489 502 508 509 510 511 512 513 514 515 538 550 555 567 586 587 
590 551 552 558 559 568 569 570 580 581 590 591 592 593 594 599 602 618 622 626 627 647 651 
612 556 563 564 577 578 579 585 609 610 611 612 613 614 615 616 617 619 620 621 624 625 633 634 635 640 641 642 643 644 645 646 
652 600 601 650 652 653 654 
656 655 656 657 658 
661 659 660 661 
