7539.48
557 506 507 540 541 542 543 545 546 547 548 549 557 563 564 565 566 588 589 
87 55 83 84 85 86 87 89 92 94 95 96 97 106 
60 1 2 3 9 10 11 12 13 14 15 16 17 18 19 20 21 22 23 33 36 43 49 53 56 57 58 59 60 61 62 63 64 68 69 70 72 73 74 75 76 81 
82 38 46 52 54 82 88 90 91 93 105 
386 341 384 385 386 388 389 391 393 394 401 413 419 420 421 423 424 
104 77 78 79 80 99 100 102 103 104 119 120 121 122 123 124 125 126 127 128 137 138 139 150 151 156 
518 469 470 472 473 474 475 482 490 491 492 493 494 503 510 511 512 513 514 515 516 517 518 519 520 521 522 523 537 551 552 553 554 559 560 561 562 569 570 571 572 582 583 
31 4 5 24 25 26 27 28 29 30 31 34 35 37 39 40 44 45 51 65 66 67 71 
141 98 101 107 108 109 110 111 112 113 114 115 116 117 118 129 131 132 133 134 135 136 141 142 143 144 145 146 147 148 149 155 160 161 162 167 168 169 170 171 178 179 180 187 188 189 190 191 192 206 207 
183 130 140 153 154 158 159 163 164 165 166 182 183 214 215 223 224 231 241 
479 422 426 435 436 437 466 471 479 481 485 488 489 502 508 509 538 
239 172 173 174 175 176 181 193 194 195 196 197 198 199 200 201 209 210 211 212 217 222 229 230 239 247 248 249 250 255 256 257 263 287 288 289 
32 0 6 7 8 32 41 42 47 48 50 
354 280 281 282 283 284 285 286 291 300 309 318 319 328 329 331 340 347 348 349 350 351 352 354 355 366 367 368 369 370 371 372 373 383 400 410 418 
258 185 186 204 205 216 218 219 220 221 225 226 227 228 232 233 234 235 236 237 242 243 245 258 259 260 261 262 268 269 270 271 272 273 274 275 276 277 278 279 296 297 298 299 
304 251 253 265 290 302 303 304 305 306 310 311 312 320 321 332 342 343 344 
346 294 295 307 308 313 314 315 316 317 322 323 324 325 326 327 336 337 338 339 346 353 358 359 360 361 362 375 376 377 
627 581 590 591 592 593 594 595 602 603 604 605 618 622 627 628 629 636 637 638 647 648 651 
157 152 157 177 202 
345 301 330 333 334 335 345 357 387 412 
414 363 364 365 378 379 380 381 382 392 396 397 398 399 403 404 405 406 407 408 409 414 415 416 417 427 428 429 433 438 439 440 441 442 443 444 445 446 447 448 449 460 461 462 463 
356 356 374 390 395 402 411 
246 184 203 208 213 238 240 244 246 252 254 264 266 267 292 293 
434 425 434 478 501 
464 430 431 432 450 451 452 453 454 455 456 457 458 459 464 465 467 468 476 477 480 483 484 486 487 499 500 
529 495 496 497 498 504 505 524 525 526 527 528 529 530 531 532 533 534 535 536 539 544 556 
601 550 555 558 567 568 580 586 587 599 600 601 626 650 652 653 
609 573 574 575 576 577 578 579 584 585 596 597 598 606 607 608 609 610 611 612 623 630 631 632 634 635 639 640 641 649 
645 613 614 615 616 617 619 620 621 624 625 633 642 643 644 645 646 
655 654 655 656 
657 657 658 659 
661 660 661 
