7247.22
564 540 541 542 544 545 546 547 548 549 556 557 563 564 565 566 578 579 612 613 614 617 
0 0 6 7 8 9 10 32 41 42 47 48 50 55 56 
5 4 5 24 25 26 27 28 29 30 31 44 51 67 
181 120 121 122 123 160 161 162 169 170 171 172 173 174 175 180 181 192 193 194 195 196 197 198 199 200 201 209 210 217 229 239 
319 271 272 273 274 275 276 277 278 279 280 281 282 283 291 296 297 298 299 300 308 309 315 316 317 318 319 325 326 327 328 329 338 339 340 347 348 349 353 
35 35 37 38 39 40 45 46 52 54 
419 368 369 370 371 372 373 383 384 385 386 388 391 400 410 413 418 419 420 421 423 430 431 432 449 450 451 452 453 454 455 456 457 458 459 464 465 467 468 
90 80 82 88 90 91 93 99 100 104 
253 211 212 214 215 222 223 224 230 231 241 248 249 250 251 253 265 290 304 305 311 312 
159 105 130 158 159 165 166 182 183 
345 266 267 292 293 294 301 307 313 314 322 323 324 330 333 334 335 336 345 
63 23 34 59 60 61 62 63 64 65 66 68 69 70 71 72 73 74 75 76 77 78 79 81 
151 124 125 126 127 128 137 138 139 140 150 151 153 154 156 163 164 176 
98 98 101 102 103 107 108 109 110 111 112 113 114 115 116 117 118 119 129 134 135 136 141 142 143 144 147 148 149 155 
202 152 157 177 184 202 203 208 213 238 240 244 246 252 254 264 
501 434 478 487 500 501 506 507 543 
233 167 168 178 179 185 186 187 188 189 190 191 204 205 206 207 216 218 219 220 221 225 226 227 228 232 233 234 235 236 237 242 243 245 258 259 260 261 262 268 269 270 295 
660 657 658 659 660 661 
519 469 470 473 474 475 490 491 492 493 494 503 511 512 513 514 515 516 517 518 519 520 521 522 523 524 537 552 553 554 560 561 562 572 583 
2 1 2 3 11 12 13 14 15 16 17 18 19 20 21 22 33 36 43 49 53 57 58 
96 83 84 85 86 87 89 92 94 95 96 97 106 131 132 133 145 146 
331 247 255 256 257 263 284 285 286 287 288 289 302 303 306 310 320 331 341 342 350 351 352 354 355 
403 337 346 357 358 375 376 377 387 403 404 412 422 426 427 437 438 439 440 441 442 
356 321 332 343 344 356 374 389 390 393 394 395 401 402 411 424 425 
399 359 360 361 362 363 364 365 366 367 378 379 380 381 382 392 396 397 398 399 405 406 407 408 409 414 415 416 417 428 429 433 443 444 445 446 447 448 460 461 462 463 
479 435 436 466 471 472 479 481 482 485 488 489 502 508 509 510 538 555 
532 476 477 480 483 484 486 495 496 497 498 499 504 505 525 526 527 528 529 530 531 532 533 534 535 536 539 576 577 585 
590 550 551 558 559 567 568 569 570 571 580 581 582 586 587 590 591 592 593 594 599 602 603 618 622 626 627 628 647 651 
631 573 574 575 584 595 596 597 598 604 605 606 607 608 609 610 611 623 629 630 631 632 634 635 636 637 638 639 640 641 648 649 
633 588 589 615 616 619 620 621 624 625 633 642 643 644 645 646 
652 600 601 650 652 653 654 
655 655 656 
