7097.12
32 0 6 7 8 32 41 47 50 
37 31 35 37 38 39 40 45 46 52 54 
569 508 538 550 551 552 553 554 558 559 560 561 567 568 569 570 571 572 580 581 582 590 591 592 
428 378 379 380 392 396 397 398 399 404 405 406 407 408 409 414 415 416 417 428 437 438 439 440 441 442 443 444 460 461 
264 238 240 244 246 252 254 264 266 267 292 301 330 333 334 345 
169 113 114 134 135 136 142 143 144 147 148 149 155 160 161 162 168 169 170 171 172 178 179 180 181 188 189 190 191 192 193 194 195 206 207 
20 1 2 3 4 13 14 15 16 17 18 19 20 21 22 23 24 25 26 27 33 34 61 62 63 
66 5 28 29 30 44 51 64 65 66 67 70 71 76 77 78 79 80 81 
209 150 156 163 173 174 175 176 196 197 198 199 200 201 209 210 211 212 217 222 229 239 247 248 249 250 255 256 257 263 286 287 288 289 
103 74 75 98 99 100 101 102 103 104 115 116 117 118 119 120 121 122 123 124 125 126 129 137 
56 9 10 11 12 36 42 43 48 49 53 55 56 57 58 59 60 68 69 72 73 85 
332 265 290 302 303 304 305 306 310 311 312 320 321 332 341 342 343 344 356 374 390 
368 331 340 347 348 349 350 351 352 354 355 366 367 368 369 370 371 372 373 381 382 383 384 400 410 
133 89 96 106 107 108 109 110 111 112 131 132 133 141 145 146 167 177 
434 411 425 434 478 501 
105 82 88 90 91 93 105 127 128 130 138 139 140 151 153 154 
533 476 480 483 484 486 487 496 497 498 499 504 505 524 525 526 527 528 529 530 531 532 533 534 535 536 539 540 544 556 574 575 576 577 578 579 584 585 
157 152 157 184 202 203 208 213 
182 158 159 164 165 166 182 183 214 215 223 224 230 231 241 251 253 
259 185 186 187 204 205 216 218 219 220 221 225 226 227 228 232 233 234 235 236 237 242 243 245 258 259 260 261 262 270 271 272 273 274 275 276 277 278 279 280 281 282 283 284 285 291 296 297 298 299 300 308 309 317 318 319 327 328 329 
346 268 269 293 294 295 307 313 314 315 316 322 323 324 325 326 335 336 337 338 339 346 353 359 360 361 362 363 364 365 375 376 377 
92 83 84 86 87 92 94 95 97 
421 385 386 388 389 391 393 394 395 401 402 413 419 420 421 423 424 457 458 464 465 467 468 477 
600 555 586 587 599 600 601 626 650 652 
412 357 358 387 403 412 422 426 427 435 436 466 479 
459 418 429 430 431 432 433 445 446 447 448 449 450 451 452 453 454 455 456 459 462 463 469 470 475 495 
492 471 472 473 474 481 482 485 488 489 490 491 492 493 494 502 503 509 510 511 512 513 514 515 516 517 518 519 520 521 522 523 537 
557 500 506 507 541 542 543 545 546 547 548 549 557 563 564 565 566 588 589 616 
629 562 573 583 593 594 595 596 597 598 602 603 604 605 606 607 608 618 622 623 627 628 629 630 631 632 636 637 638 639 647 648 649 651 
642 609 610 611 612 613 614 615 617 619 620 621 624 625 633 634 635 640 641 642 643 644 645 646 
655 653 654 655 656 
659 657 658 659 660 661 
