7393.16
661 660 661 
50 0 6 7 32 41 47 50 86 
341 302 303 306 310 311 320 331 341 342 343 344 351 352 355 386 388 389 390 393 
1 1 2 3 8 9 10 11 12 13 14 15 16 17 18 19 20 21 33 36 42 43 48 49 53 57 58 59 60 68 
578 530 531 532 544 545 548 556 563 564 574 575 576 577 578 579 584 585 608 609 610 611 
484 458 464 465 467 468 476 477 480 483 484 486 487 497 498 499 500 505 533 534 535 539 540 541 542 
122 98 99 100 101 102 103 104 112 113 114 115 116 117 118 119 120 121 122 123 124 125 126 129 134 135 136 137 144 150 156 170 171 172 173 174 180 181 
265 182 183 215 224 231 241 251 253 265 290 304 305 312 321 332 356 374 
552 512 513 514 515 516 517 518 551 552 553 554 558 559 560 561 562 568 569 570 571 572 580 581 582 583 590 591 
35 31 35 37 38 39 40 45 46 52 54 
105 82 88 90 91 93 105 127 128 130 138 139 140 151 153 154 158 159 163 164 165 166 
434 394 395 402 411 424 425 434 478 501 506 
152 97 106 131 145 146 152 157 177 184 202 203 213 
589 507 543 546 547 549 557 565 566 588 589 615 616 621 625 633 
657 657 658 659 
187 141 142 143 147 148 149 155 160 161 162 167 168 169 178 179 185 186 187 188 189 190 191 192 193 204 205 206 207 216 218 219 220 221 225 226 227 228 232 233 234 235 236 237 242 243 245 258 
239 175 176 194 195 196 197 198 199 200 201 209 210 211 212 214 217 222 223 229 230 239 247 248 249 250 255 256 257 263 286 287 288 289 
264 208 238 240 244 246 252 254 264 301 330 334 345 
309 259 260 261 262 270 271 272 273 274 275 276 277 278 279 280 281 282 283 284 285 291 296 297 298 299 300 308 309 315 316 317 318 319 325 326 327 328 329 338 339 340 347 348 349 350 354 366 367 
493 446 447 448 449 450 462 463 469 470 473 474 475 491 492 493 494 495 496 504 519 520 521 522 523 524 525 526 527 528 529 536 537 
89 55 56 83 84 85 87 89 92 94 95 96 107 108 109 110 111 132 133 
324 266 267 268 269 292 293 294 295 307 313 314 322 323 324 333 335 336 337 346 353 
412 357 358 375 387 403 404 412 422 426 427 435 
414 359 360 361 362 363 364 365 376 377 378 379 380 381 382 392 396 397 398 399 405 406 407 408 409 414 415 416 417 428 429 438 439 440 441 442 443 444 445 460 461 
419 368 369 370 371 372 373 383 384 385 391 400 401 410 413 418 419 420 421 423 430 431 432 433 451 452 453 454 455 456 457 459 
629 573 592 593 594 595 596 597 598 602 603 604 605 606 607 618 622 623 627 628 629 630 631 632 636 637 638 639 647 648 649 651 
65 4 5 22 23 24 25 26 27 28 29 30 34 44 51 61 62 63 64 65 66 67 69 70 71 72 73 74 75 76 77 78 79 80 81 
488 436 437 466 471 472 479 481 482 485 488 489 490 502 503 508 509 510 511 538 
586 550 555 567 586 587 599 600 601 626 
643 612 613 614 617 619 620 624 634 635 640 641 642 643 644 645 646 
652 650 652 653 654 
655 655 656 
