7477.18
32 0 6 7 8 32 41 47 50 
153 93 105 127 128 130 137 138 139 140 150 151 153 154 156 158 159 163 164 165 166 176 182 183 
633 588 589 615 616 619 620 621 624 625 633 644 645 646 
351 282 283 284 285 286 287 288 289 291 306 331 341 347 348 349 350 351 352 354 355 367 368 369 370 371 372 373 383 384 385 386 391 400 410 413 
250 210 211 212 214 215 217 222 223 224 229 230 231 239 241 247 248 249 250 251 253 257 263 265 290 302 303 304 305 310 311 320 
58 1 2 9 10 11 12 13 14 15 16 17 18 19 33 36 42 43 48 49 53 55 56 57 58 59 60 61 62 68 69 72 73 85 89 
434 424 425 434 478 
52 35 37 38 39 40 45 46 52 54 82 88 90 91 
146 106 107 108 109 110 111 131 132 133 134 141 142 145 146 147 152 155 167 168 177 185 186 187 188 204 
28 3 4 5 20 21 22 23 24 25 26 27 28 29 30 31 34 44 51 63 64 65 66 67 70 71 
356 312 321 332 342 343 344 356 374 388 389 390 393 394 395 401 402 411 
92 83 84 86 87 92 94 95 96 97 
627 569 581 590 591 592 593 594 595 596 602 603 604 605 618 622 623 627 628 629 630 636 637 638 639 647 648 651 
345 264 292 301 307 313 314 322 323 330 333 334 335 336 345 357 358 387 412 
202 157 184 202 203 208 213 238 240 244 246 252 
194 143 144 148 149 160 161 162 169 170 171 172 173 174 175 178 179 180 181 189 190 191 192 193 194 195 196 197 198 199 200 201 205 206 207 209 220 221 228 236 237 243 245 255 256 
270 216 218 219 225 226 227 232 233 234 235 242 254 258 259 260 261 262 266 267 268 269 270 271 272 273 274 275 276 277 278 279 280 281 293 294 295 296 297 298 299 300 308 309 315 316 317 318 319 324 325 326 327 328 329 337 338 339 340 346 
405 353 359 360 361 362 363 364 365 366 375 376 377 378 379 380 381 382 392 396 397 398 399 403 404 405 406 407 408 409 414 415 416 417 427 428 439 440 441 442 443 444 
463 418 429 430 431 433 445 446 447 448 449 450 451 452 453 459 460 461 462 463 469 470 475 
652 650 652 653 654 
464 419 420 421 423 432 454 455 456 457 458 464 465 467 468 476 477 480 483 484 486 487 500 
103 74 75 76 77 78 79 80 81 98 99 100 101 102 103 104 112 113 114 115 116 117 118 119 120 121 122 123 124 125 126 129 135 136 
479 422 426 435 436 437 438 466 471 472 479 481 482 485 488 489 502 508 509 510 538 
519 473 474 490 491 492 493 494 503 511 512 513 514 515 516 517 518 519 520 521 522 523 524 537 551 552 553 554 559 560 561 562 570 571 572 573 582 583 
530 495 496 497 498 499 504 505 525 526 527 528 529 530 531 532 533 534 535 536 574 575 
507 501 506 507 543 547 557 
564 539 540 541 542 544 545 546 548 549 556 563 564 565 566 613 614 
587 550 555 558 567 568 580 586 587 599 600 601 626 
657 657 658 659 
610 576 577 578 579 584 585 597 598 606 607 608 609 610 611 612 617 631 632 634 635 640 641 642 643 649 
655 655 656 
661 660 661 
