7485.51
32 0 6 7 8 32 41 47 50 
98 72 73 98 101 102 103 107 108 109 110 111 112 113 114 115 116 117 118 119 120 129 134 135 136 141 143 144 148 149 
466 403 404 412 422 426 427 435 436 437 438 439 440 441 442 466 471 472 479 481 482 485 488 489 502 
186 132 133 142 145 146 147 155 160 161 162 167 168 169 170 177 178 179 185 186 187 188 189 190 191 192 193 204 205 206 207 216 218 219 220 221 225 226 227 228 232 233 234 235 236 237 242 243 245 258 259 260 261 262 
355 282 283 284 285 291 306 331 341 342 348 349 350 351 352 354 355 367 368 369 370 371 372 373 383 384 385 386 391 
587 555 586 587 599 600 601 652 
493 461 462 463 469 470 473 474 475 491 492 493 494 495 496 504 518 519 520 521 522 523 524 525 526 527 528 536 537 
241 182 183 212 214 215 222 223 224 230 231 241 251 253 265 290 304 305 
356 311 312 320 321 332 343 344 356 374 388 389 390 393 394 395 401 402 411 424 425 
417 366 379 380 381 382 392 396 397 398 399 400 405 406 407 408 409 410 414 415 416 417 418 428 429 433 443 444 445 446 447 448 449 460 
105 82 90 91 93 105 127 128 130 139 140 153 154 158 159 164 165 166 
661 660 661 
3 2 3 4 5 15 16 17 18 19 20 21 22 23 24 25 26 27 28 29 30 34 61 62 63 
97 83 84 86 87 92 94 95 96 97 106 131 
35 31 35 37 38 39 40 45 46 52 54 
202 152 157 184 202 203 208 213 238 240 244 246 252 254 264 
595 553 554 561 562 572 573 574 575 582 583 584 593 594 595 596 597 598 602 603 604 605 606 607 608 623 628 629 630 631 632 636 637 638 639 648 649 
501 434 478 500 501 506 507 542 543 547 549 
247 194 195 196 197 198 199 200 201 209 210 211 217 229 239 247 248 249 250 255 256 257 263 286 287 288 289 302 303 310 
345 266 267 292 293 294 301 307 313 314 322 323 330 333 334 335 336 345 357 358 375 387 
56 1 9 10 11 12 13 14 33 36 42 43 48 49 53 55 56 57 58 59 60 68 69 85 89 
150 121 122 123 124 125 126 137 138 150 151 156 163 171 172 173 174 175 176 180 181 
338 268 269 270 271 272 273 274 275 276 277 278 279 280 281 295 296 297 298 299 300 308 309 315 316 317 318 319 324 325 326 327 328 329 337 338 339 340 346 347 353 359 360 361 362 363 364 365 376 377 378 
80 44 51 64 65 66 67 70 71 74 75 76 77 78 79 80 81 88 99 100 104 
456 413 419 420 421 423 430 431 432 450 451 452 453 454 455 456 457 458 459 464 465 467 468 476 477 480 483 484 486 487 497 498 499 505 
551 490 503 508 509 510 511 512 513 514 515 516 517 538 550 551 552 558 559 560 567 568 569 570 571 580 581 590 591 592 
556 529 530 531 532 533 534 535 539 540 541 544 545 546 548 556 563 564 576 577 578 579 585 
589 557 565 566 588 589 615 616 619 620 621 624 625 633 645 646 
641 609 610 611 612 613 614 617 634 635 640 641 642 643 644 
651 618 622 626 627 647 650 651 
655 653 654 655 656 
657 657 658 659 
