7699.43
101 72 73 74 98 101 102 107 108 109 110 111 112 113 114 115 116 117 118 119 129 134 135 136 141 142 143 144 147 148 149 155 
32 0 6 7 8 32 41 47 50 
57 1 9 10 11 12 13 14 33 36 42 43 48 49 53 55 56 57 58 59 60 68 69 85 
99 75 76 77 78 79 80 81 99 100 103 104 120 121 122 123 124 125 126 127 128 137 138 150 151 156 
82 82 88 90 91 93 105 
86 83 84 86 87 92 97 
183 130 139 140 153 154 158 159 163 164 165 166 182 183 212 214 215 222 223 224 230 231 241 
106 89 94 95 96 106 131 132 133 145 146 167 177 
482 435 436 437 438 439 440 441 442 443 444 460 461 466 471 472 473 474 479 481 482 485 488 489 490 491 492 502 503 508 509 510 511 512 513 514 515 516 517 518 519 520 521 522 538 
157 152 157 184 202 203 208 213 
387 322 323 333 334 335 336 337 345 346 357 358 375 376 377 387 403 404 412 422 426 427 
194 160 161 162 168 169 170 171 172 173 174 175 176 178 179 180 181 189 190 191 192 193 194 195 196 197 198 199 200 201 206 207 209 210 211 217 221 228 229 237 239 
540 476 477 483 484 486 487 498 499 500 532 533 534 535 539 540 541 542 544 545 546 548 549 556 563 564 565 
23 2 3 4 5 15 16 17 18 19 20 21 22 23 24 25 26 27 28 29 30 34 61 62 63 64 65 66 67 70 71 
258 185 186 187 188 204 205 216 218 219 220 225 226 227 232 233 234 235 242 258 259 260 267 268 269 270 271 272 273 274 294 295 296 297 308 315 316 324 325 
423 356 374 384 385 386 388 389 390 391 393 394 395 401 402 411 420 421 423 424 425 458 464 465 467 468 
282 236 243 245 255 256 261 262 275 276 277 278 279 280 281 282 283 284 285 286 287 288 291 298 299 300 309 318 319 329 350 351 355 
584 523 524 525 526 527 528 529 530 531 536 537 553 554 562 572 573 574 575 576 577 578 579 583 584 585 595 596 597 598 607 608 609 610 
302 247 248 249 250 257 263 289 302 303 304 306 310 311 320 331 341 342 343 352 
265 251 253 265 290 305 312 321 332 344 
648 603 604 605 606 623 628 629 630 631 632 636 637 638 639 648 649 
37 31 35 37 38 39 40 44 45 46 51 52 54 
366 317 326 327 328 338 339 340 347 348 349 353 354 359 360 361 362 363 364 365 366 367 368 369 370 371 372 373 378 379 380 381 382 383 392 396 397 398 399 400 405 406 407 408 409 410 414 415 416 417 428 429 
264 238 240 244 246 252 254 264 266 292 293 301 307 313 314 330 
452 413 418 419 430 431 432 433 445 446 447 448 449 450 451 452 453 454 455 456 457 459 462 463 469 470 475 480 493 494 495 496 497 504 505 
642 611 612 613 614 617 619 624 634 635 640 641 642 643 644 645 
501 434 478 501 506 507 543 547 
590 550 551 552 555 558 559 560 561 567 568 569 570 571 580 581 582 586 587 590 591 592 593 594 599 600 601 602 618 622 626 627 647 651 
589 557 566 588 589 615 616 620 621 625 633 646 
654 650 652 653 654 
656 655 656 657 658 
661 659 660 661 
