7725.54
98 72 73 98 101 102 103 109 110 111 112 113 114 115 116 117 118 119 120 121 129 134 135 136 143 144 148 149 
175 122 123 124 125 126 137 138 150 151 156 163 170 171 172 173 174 175 176 180 181 194 195 196 197 198 199 200 201 209 210 211 212 214 217 222 229 
290 223 224 230 231 241 250 251 253 265 290 303 304 305 310 311 312 320 321 332 343 344 374 
655 654 655 656 
91 82 88 90 91 93 105 127 128 139 
159 130 140 153 154 158 159 164 165 166 182 183 215 
78 44 51 64 65 66 67 70 71 74 75 76 77 78 79 80 81 99 100 104 
32 0 6 7 8 32 41 47 50 
661 660 661 
3 2 3 4 5 15 16 17 18 19 20 21 22 23 24 25 26 27 28 29 30 34 61 62 63 
97 83 84 86 87 92 94 95 97 
367 309 318 319 328 329 339 340 347 348 349 350 351 354 355 365 366 367 368 369 370 371 372 373 380 381 382 383 398 399 400 408 409 410 418 430 431 433 
38 31 35 37 38 39 40 45 46 52 54 
132 89 96 106 107 108 131 132 133 141 142 145 146 147 155 177 
202 152 157 184 202 203 208 213 238 240 244 246 252 254 
204 160 161 162 167 168 169 178 179 185 186 187 188 189 190 191 192 193 204 205 206 207 216 218 219 220 221 225 226 227 228 232 233 234 235 236 237 242 243 245 258 259 260 261 262 273 274 275 
434 356 395 411 425 434 458 468 478 501 
288 239 247 248 249 255 256 257 263 276 277 278 279 280 281 282 283 284 285 286 287 288 289 291 300 302 306 331 
334 264 266 292 301 330 333 334 335 345 357 387 412 
346 267 268 269 270 271 272 293 294 295 296 297 298 299 307 308 313 314 315 316 317 322 323 324 325 326 327 336 337 338 346 353 358 359 360 361 362 363 364 375 376 377 378 379 392 396 403 404 
391 341 342 352 384 385 386 388 389 390 391 393 394 401 402 413 419 420 421 423 424 432 457 464 465 467 
648 595 596 597 605 606 623 628 629 630 631 636 637 638 639 648 649 
601 550 555 567 586 587 599 600 601 626 650 652 653 
460 397 405 406 407 414 415 416 417 428 429 438 439 440 441 442 443 444 445 446 447 448 460 461 462 463 469 472 473 474 482 490 491 492 503 514 515 516 517 518 519 520 
56 1 9 10 11 12 13 14 33 36 42 43 48 49 53 55 56 57 58 59 60 68 69 85 
479 422 426 427 435 436 437 466 471 479 481 485 488 489 502 508 509 510 511 512 513 538 
496 449 450 451 452 453 454 455 456 459 470 475 476 480 493 494 495 496 497 498 499 504 505 521 522 523 524 525 526 527 528 529 530 531 532 533 534 536 537 
541 477 483 484 486 487 500 506 507 535 539 540 541 542 543 544 545 546 547 548 549 556 557 563 564 565 
591 551 552 553 554 558 559 560 561 562 568 569 570 571 572 580 581 582 583 590 591 592 593 594 602 603 604 618 622 627 647 651 
589 566 588 589 614 615 616 619 620 621 624 625 633 645 646 
657 657 658 659 
610 573 574 575 576 577 578 579 584 585 598 607 608 609 610 611 612 613 617 632 634 635 640 641 642 643 644 
