7577.48
8 0 1 7 8 9 10 11 12 13 14 36 42 43 48 55 
35 35 37 38 39 40 45 46 52 54 
507 501 506 507 542 543 546 547 549 557 566 
178 109 110 111 112 113 114 115 134 135 136 141 142 143 144 147 148 149 155 160 161 162 167 168 169 170 171 178 179 180 185 186 187 188 189 190 191 192 193 194 195 196 204 205 206 207 220 221 228 236 237 
362 315 316 317 318 325 326 327 328 329 337 338 339 340 346 347 353 359 360 361 362 363 364 365 366 367 375 376 377 378 379 380 381 382 392 396 397 398 399 404 405 406 407 408 409 414 415 416 417 428 
655 655 656 
91 82 88 90 91 93 105 127 128 139 
124 99 100 102 103 104 116 117 118 119 120 121 122 123 124 125 126 129 137 138 150 151 156 172 173 174 181 
609 573 574 575 576 577 584 585 597 598 606 607 608 609 610 611 612 631 632 634 635 640 641 
92 83 86 87 92 94 97 
345 301 307 313 314 322 323 330 333 334 335 336 345 357 358 387 
89 84 85 89 95 96 98 101 107 108 132 133 
66 4 5 24 25 26 27 28 29 30 31 34 44 51 64 65 66 67 70 71 76 77 78 79 80 81 
60 2 3 15 16 17 18 19 20 21 22 23 33 49 53 56 57 58 59 60 61 62 63 68 69 72 73 74 75 
159 130 140 153 154 158 159 164 165 166 182 183 
212 163 175 176 197 198 199 200 201 209 210 211 212 214 215 217 222 223 224 229 230 231 239 241 247 248 249 250 251 253 
258 216 218 219 225 226 227 232 233 234 235 242 243 258 259 260 268 269 270 271 272 273 274 275 276 294 295 296 297 298 299 308 324 
434 393 394 395 401 402 411 423 424 425 434 458 468 478 
152 106 131 145 146 152 157 177 184 
246 202 203 208 213 238 240 244 246 252 254 264 266 267 292 293 
50 6 32 41 47 50 
285 245 255 256 257 261 262 263 277 278 279 280 281 282 283 284 285 286 287 288 289 291 300 306 309 319 331 348 349 350 351 352 354 355 
520 460 461 462 469 470 473 474 475 490 491 492 493 494 495 503 504 511 512 513 514 515 516 517 518 519 520 521 522 523 524 525 526 527 528 536 537 551 552 553 554 559 560 561 562 569 570 571 572 581 582 583 
332 265 290 302 303 304 305 310 311 312 320 321 332 341 342 343 344 356 374 388 389 390 
432 368 369 370 371 372 373 383 384 385 386 391 400 410 413 418 419 420 421 429 430 431 432 433 445 446 447 448 449 450 451 452 453 454 455 456 457 459 463 464 465 467 
466 403 412 422 426 427 435 436 437 438 439 440 441 442 443 444 466 471 472 479 481 482 485 488 489 502 508 509 510 
586 538 550 555 558 567 568 580 586 587 599 600 601 626 
539 476 477 480 483 484 486 487 496 497 498 499 500 505 529 530 531 532 533 534 535 539 540 541 544 545 548 556 563 564 565 578 579 
645 588 589 613 614 615 616 617 619 620 621 624 625 633 642 643 644 645 646 
636 590 591 592 593 594 595 596 602 603 604 605 618 622 623 627 628 629 630 636 637 638 639 647 648 649 651 
652 650 652 653 654 
660 657 658 659 660 661 
