7392.69
32 0 6 7 8 32 41 47 50 
587 550 555 567 586 587 599 600 601 626 650 652 
446 392 396 397 398 399 405 406 407 408 409 414 415 416 417 428 429 433 443 444 445 446 447 448 449 450 451 452 453 454 455 459 460 461 462 463 469 470 474 475 493 494 495 496 504 
102 74 75 98 99 100 101 102 103 109 110 111 112 113 114 115 116 117 118 119 120 121 122 123 124 129 134 135 136 
190 141 142 143 144 147 148 149 155 160 161 162 167 168 169 170 178 179 180 185 186 187 188 189 190 191 192 193 194 195 204 205 206 207 216 218 219 220 221 225 226 227 228 233 234 235 236 237 242 243 245 255 260 261 262 
66 5 29 30 31 44 51 63 64 65 66 67 70 71 76 77 78 79 80 81 
35 35 37 38 39 40 45 46 52 54 
176 125 126 137 138 150 151 156 163 171 172 173 174 175 176 181 196 197 198 199 200 201 209 210 211 212 217 229 239 
95 83 84 85 86 87 89 92 94 95 96 97 106 107 108 131 132 133 145 146 
661 660 661 
3 2 3 4 16 17 18 19 20 21 22 23 24 25 26 27 28 34 61 62 
302 247 248 249 256 257 263 284 285 286 287 288 289 291 302 303 304 305 306 310 311 312 320 321 331 341 342 343 
371 348 349 350 351 352 354 355 366 367 368 369 370 371 372 373 382 383 384 385 386 391 400 410 413 418 419 430 431 432 
159 105 130 140 153 154 158 159 164 165 166 
466 403 404 412 422 426 427 435 436 437 438 439 440 441 442 466 471 479 481 485 488 
325 258 259 267 268 269 270 271 272 273 274 275 276 277 278 279 280 281 282 283 294 295 296 297 298 299 300 308 309 315 316 317 318 319 324 325 326 327 328 329 337 338 339 340 346 347 353 359 360 361 362 363 364 365 376 377 378 379 380 381 
90 82 88 90 91 93 104 127 128 139 
202 152 157 177 184 202 203 208 213 232 238 240 244 246 252 254 264 
53 1 9 10 11 12 13 14 15 33 36 42 43 48 49 53 55 56 57 58 59 60 68 69 72 73 
241 182 183 214 215 222 223 224 230 231 241 250 251 253 265 290 
356 332 344 356 374 388 389 390 393 394 395 401 402 411 425 
345 266 292 293 301 307 313 314 322 323 330 333 334 335 336 345 357 358 375 387 
515 472 473 482 489 490 491 492 502 503 508 509 510 511 512 513 514 515 516 517 518 519 520 521 522 538 551 552 558 559 560 568 569 570 580 581 
468 420 421 423 424 434 456 457 458 464 465 467 468 476 477 478 480 483 484 486 487 499 500 
556 497 498 505 529 530 531 532 533 534 535 539 540 541 544 545 556 563 564 577 578 579 585 
647 590 591 592 593 602 603 618 622 627 628 629 636 637 638 647 648 649 651 
506 501 506 507 542 543 546 547 548 549 557 
573 523 524 525 526 527 528 536 537 553 554 561 562 571 572 573 574 575 576 582 583 584 594 595 596 597 598 604 605 606 607 608 623 630 631 632 639 
589 565 566 588 589 615 616 620 621 625 633 646 
642 609 610 611 612 613 614 617 619 624 634 635 640 641 642 643 644 645 
655 653 654 655 656 
657 657 658 659 
