7702.91
20 1 2 3 4 5 9 10 11 12 13 14 15 16 17 18 19 20 21 22 23 24 25 26 27 28 29 30 33 34 36 
250 201 209 210 211 212 214 215 217 222 223 224 229 230 231 239 241 247 248 249 250 251 253 265 290 302 303 304 305 310 311 320 
589 546 547 548 549 557 565 566 588 589 615 616 620 621 625 633 646 
72 43 49 53 56 57 58 59 60 61 62 63 68 69 72 73 74 75 98 101 102 
79 44 51 64 65 66 67 70 71 76 77 78 79 80 81 
35 31 35 37 38 39 40 45 46 52 54 
96 83 84 85 87 89 92 94 95 96 97 106 107 108 109 110 131 132 133 145 146 
654 652 653 654 
137 99 100 103 104 121 122 123 124 125 126 127 128 137 138 139 150 151 153 156 163 174 175 176 
367 318 319 328 329 339 340 347 348 349 350 351 354 355 365 366 367 368 369 370 371 372 373 381 382 383 400 409 410 418 
170 111 112 113 114 115 116 117 118 119 120 129 134 135 136 141 142 143 144 147 148 149 155 160 161 162 167 168 169 170 171 172 173 178 179 180 181 188 189 190 191 192 193 194 195 196 197 198 199 200 205 206 207 221 
661 659 660 661 
50 0 6 7 8 32 41 42 47 48 50 55 86 
285 237 245 255 256 257 261 262 263 277 278 279 280 281 282 283 284 285 286 287 288 289 291 300 306 309 331 341 352 
159 130 140 154 158 159 164 165 166 182 183 
258 185 186 187 204 216 218 219 220 225 226 227 228 232 233 234 235 236 242 243 244 252 254 258 259 260 266 267 268 269 270 271 272 273 274 275 276 294 295 296 297 298 299 308 315 316 317 325 326 327 
157 152 157 177 184 202 203 208 213 238 240 246 
345 264 292 293 301 307 313 314 322 323 330 333 334 335 336 345 387 412 
529 480 495 496 497 498 499 504 505 521 522 523 524 525 526 527 528 529 530 531 532 533 534 535 536 537 539 544 573 574 575 576 577 584 
356 312 321 332 342 343 344 356 374 389 390 394 395 402 411 425 
612 556 563 564 578 579 585 609 610 611 612 613 614 617 619 624 635 640 641 642 643 644 645 
377 324 337 338 346 353 357 358 359 360 361 362 363 364 375 376 377 378 379 380 392 396 397 398 399 403 404 405 406 407 408 414 422 427 428 
471 426 435 436 437 438 439 440 466 471 472 479 481 482 485 488 489 490 502 503 508 509 510 511 538 
91 82 88 90 91 93 105 
420 384 385 386 388 391 393 401 413 419 420 421 423 424 430 431 432 453 454 455 456 457 464 465 
462 415 416 417 429 433 441 442 443 444 445 446 447 448 449 450 451 452 459 460 461 462 463 469 470 473 474 475 491 492 493 494 
478 434 458 467 468 476 477 478 483 484 486 487 500 501 506 507 540 541 542 543 545 
570 512 513 514 515 516 517 518 519 520 551 552 553 554 558 559 560 561 562 568 569 570 571 572 580 581 582 583 590 591 592 593 594 602 603 
601 550 555 567 586 587 599 600 601 650 
639 595 596 597 598 604 605 606 607 608 623 628 629 630 631 632 634 636 637 638 639 648 649 
651 618 622 626 627 647 651 
656 655 656 657 658 
