7370.13
5 4 5 24 25 26 27 28 29 30 31 44 51 67 
295 258 266 267 268 269 270 271 292 293 294 295 296 307 308 313 314 315 316 322 323 324 325 326 336 337 346 
35 35 37 38 39 40 45 46 52 54 
629 590 591 592 593 594 595 596 597 598 602 603 604 605 606 607 608 618 622 623 627 628 629 630 631 632 636 637 638 639 647 648 649 
159 105 130 140 153 154 158 159 164 165 166 183 
92 83 84 85 86 87 92 94 95 96 97 106 
0 0 1 6 7 8 9 10 11 12 13 14 32 33 36 41 42 43 47 48 49 50 53 55 56 57 
103 99 100 102 103 104 116 117 118 119 120 121 122 123 124 125 126 129 
356 312 332 344 356 374 389 390 393 394 395 401 402 411 424 425 
203 152 157 177 184 185 202 203 208 213 232 238 240 244 246 252 254 
109 89 98 101 107 108 109 110 111 112 113 114 115 131 132 133 134 135 136 141 142 143 144 145 146 147 148 149 155 160 161 162 167 168 169 178 179 
174 137 138 150 151 156 163 170 171 172 173 174 175 176 180 181 194 195 196 197 198 199 200 201 209 210 211 217 229 239 
661 660 661 
426 358 375 387 403 404 412 422 426 427 435 436 437 438 439 466 471 
379 327 338 339 340 347 348 349 353 359 360 361 362 363 364 365 366 367 376 377 378 379 380 381 382 392 396 397 398 399 405 406 407 408 409 414 415 416 417 428 429 
473 440 441 442 443 444 445 446 447 448 460 461 462 463 469 470 472 473 474 475 482 490 491 492 493 494 502 503 513 514 515 516 
419 368 369 370 371 372 373 383 384 385 386 388 391 400 410 413 418 419 420 421 423 430 431 432 433 449 450 451 452 453 454 455 456 457 458 459 464 465 467 468 
90 80 82 88 90 91 93 127 128 139 
231 182 212 214 215 222 223 224 230 231 241 249 250 251 253 265 290 305 
261 186 187 188 189 190 191 192 193 204 205 206 207 216 218 219 220 221 225 226 227 228 233 234 235 236 237 242 243 245 255 256 259 260 261 262 272 273 274 275 276 277 278 279 280 281 282 283 284 285 291 297 298 299 300 309 317 318 319 328 329 
306 247 248 257 263 286 287 288 289 302 303 304 306 310 311 320 321 331 341 342 343 350 351 352 354 355 
642 609 610 611 612 613 614 617 619 624 634 635 640 641 642 643 644 645 
501 434 478 487 500 501 506 507 541 542 543 545 546 547 548 549 
345 264 301 330 333 334 335 345 357 
63 2 3 15 16 17 18 19 20 21 22 23 34 58 59 60 61 62 63 64 65 66 68 69 70 71 72 73 74 75 76 77 78 79 81 
533 476 477 480 483 484 486 495 496 497 498 499 504 505 526 527 528 529 530 531 532 533 534 535 536 539 540 544 556 563 576 577 578 579 584 585 
538 479 481 485 488 489 508 509 510 511 512 538 550 555 558 559 567 568 580 
553 517 518 519 520 521 522 523 524 525 537 551 552 553 554 560 561 562 569 570 571 572 573 574 575 581 582 583 
589 557 564 565 566 588 589 615 616 620 621 625 633 646 
650 586 587 599 600 601 626 650 651 652 653 654 
655 655 656 
657 657 658 659 
