7433.21
575 525 526 527 528 529 530 536 537 553 554 561 562 572 573 574 575 576 577 583 584 585 595 596 597 598 606 607 608 609 
434 411 425 434 458 478 501 506 
29 3 4 5 23 24 25 26 27 28 29 30 31 34 44 51 
61 20 21 22 59 60 61 62 63 64 68 69 70 72 73 74 75 76 81 
35 35 37 38 39 40 45 46 52 54 
12 1 2 8 9 10 11 12 13 14 15 16 17 18 19 33 36 42 43 48 49 53 55 56 57 58 
80 65 66 67 71 77 78 79 80 
124 99 100 102 103 104 116 117 118 119 120 121 122 123 124 125 126 129 137 138 150 151 156 163 171 172 173 174 175 176 181 
32 0 6 7 32 41 47 50 
168 107 108 109 110 111 112 113 114 115 132 133 134 135 136 141 142 143 144 145 146 147 148 149 155 160 161 162 167 168 169 170 178 179 180 185 186 187 188 189 190 191 192 193 204 205 206 207 216 218 219 220 221 227 228 237 
157 152 157 177 184 202 203 208 213 238 240 
563 539 540 541 542 543 544 545 546 547 548 549 556 563 564 565 578 579 
93 82 88 90 91 93 105 127 128 130 139 140 
89 83 84 85 86 87 89 92 94 95 96 97 98 101 106 131 
183 153 154 158 159 164 165 166 182 183 212 214 215 222 223 224 230 231 241 251 253 
367 340 347 348 349 350 351 354 355 363 364 365 366 367 368 369 370 371 372 373 379 380 381 382 383 398 399 400 407 408 409 410 415 416 417 418 430 431 
257 194 195 196 197 198 199 200 201 209 210 211 217 229 239 247 248 249 250 255 256 257 263 282 283 284 285 286 287 288 289 291 302 306 331 
271 225 226 232 233 234 235 236 242 243 245 258 259 260 261 262 269 270 271 272 273 274 275 276 277 278 279 280 281 295 296 297 298 299 300 308 309 315 316 317 318 319 325 326 327 328 329 338 339 346 353 
330 244 246 252 254 264 266 267 268 292 293 294 301 307 313 314 322 323 324 330 333 334 335 336 337 345 
483 455 456 457 464 465 467 468 476 477 480 483 484 486 487 497 498 499 500 505 531 532 533 534 535 
404 357 358 359 360 361 362 375 376 377 378 387 392 396 397 403 404 405 406 412 414 422 426 427 428 437 438 439 440 441 442 443 444 
470 429 433 445 446 447 448 449 450 451 452 453 454 459 460 461 462 463 469 470 473 474 475 491 492 493 494 495 496 504 517 518 519 520 521 522 523 524 
344 265 290 303 304 305 310 311 312 320 321 332 341 342 343 344 356 374 389 390 395 
391 352 384 385 386 388 391 393 394 401 402 413 419 420 421 423 424 432 
485 435 436 466 471 472 479 481 482 485 488 489 490 502 503 508 509 510 511 512 513 514 515 516 538 555 
589 507 557 566 588 589 615 616 620 621 625 633 646 
590 550 551 552 558 559 560 567 568 569 570 571 580 581 582 586 587 590 591 592 593 594 599 600 601 602 618 622 626 627 647 651 
648 603 604 605 623 628 629 630 631 632 636 637 638 639 648 649 
642 610 611 612 613 614 617 619 624 634 635 640 641 642 643 644 645 
654 650 652 653 654 
656 655 656 657 658 
661 659 660 661 
