7476.71
98 89 98 101 102 107 108 109 110 111 112 113 114 115 116 117 118 119 129 134 135 136 
61 20 21 22 59 60 61 62 63 64 65 68 69 70 71 72 73 74 75 76 81 
222 163 175 176 182 183 201 209 210 211 212 214 215 217 222 223 224 229 230 231 239 241 247 248 249 250 251 253 265 290 305 
105 82 88 90 91 93 105 127 128 130 139 140 151 153 154 158 159 164 165 166 
35 35 37 38 39 40 45 46 52 54 
12 1 2 8 9 10 11 12 13 14 15 16 17 18 19 33 36 42 43 48 49 53 55 56 57 58 
99 77 78 79 80 99 100 103 104 120 121 122 123 124 125 126 137 138 150 156 
92 83 84 85 86 87 92 94 95 96 97 
421 384 385 386 388 391 393 394 401 413 419 420 421 423 424 425 432 456 457 458 464 465 467 468 
331 255 256 257 263 284 285 286 287 288 289 302 303 304 306 310 311 320 331 341 342 350 351 352 354 355 369 370 371 372 373 
226 185 186 187 188 189 190 191 204 205 206 207 216 218 219 220 221 225 226 227 228 233 234 235 236 237 242 243 245 258 259 260 261 262 269 
32 0 6 7 32 41 47 50 
502 437 438 439 440 441 442 443 471 472 473 479 481 482 485 488 489 490 491 492 502 503 508 509 510 511 512 513 514 515 516 517 538 551 559 
29 3 4 5 23 24 25 26 27 28 29 30 31 34 44 51 66 67 
170 141 142 143 144 147 148 149 155 160 161 162 168 169 170 171 172 173 174 178 179 180 181 192 193 194 195 196 197 198 199 200 
264 202 238 240 244 246 252 254 264 266 267 268 292 293 294 295 301 307 313 314 322 323 330 333 334 335 345 
356 312 321 332 343 344 356 374 389 390 395 402 411 
554 518 519 520 521 522 523 524 525 526 527 528 536 537 552 553 554 560 561 562 569 570 571 572 573 574 575 576 581 582 583 584 595 596 597 598 605 606 
319 270 271 272 273 274 275 276 277 278 279 280 281 282 283 291 296 297 298 299 300 308 309 315 316 317 318 319 324 325 326 327 328 329 337 338 339 340 346 347 348 349 353 359 360 361 362 363 364 365 366 367 368 378 379 380 381 382 
647 590 591 592 593 594 602 603 604 618 622 627 628 629 636 637 638 647 648 651 
177 106 131 132 133 145 146 152 157 167 177 184 203 208 213 232 
412 336 357 358 375 376 377 387 403 404 412 422 426 427 435 436 466 
635 585 607 608 609 610 611 612 613 617 623 630 631 632 634 635 639 640 641 642 643 644 649 
447 383 392 396 397 398 399 400 405 406 407 408 409 410 414 415 416 417 418 428 429 430 431 433 444 445 446 447 448 449 450 451 452 453 454 455 459 460 461 462 463 469 470 474 475 493 494 495 496 504 
586 550 555 558 567 568 580 586 587 599 600 601 626 
539 476 477 480 483 484 486 487 497 498 499 500 505 529 530 531 532 533 534 535 539 540 541 544 545 546 548 556 563 564 577 578 579 
501 434 478 501 506 507 542 543 547 549 
589 557 565 566 588 589 614 615 616 619 620 621 624 625 633 645 646 
652 650 652 653 654 
655 655 656 
657 657 658 659 
661 660 661 
