7200.88
578 539 544 556 563 575 576 577 578 579 584 585 607 608 609 610 611 612 613 617 634 635 640 641 642 643 
61 20 21 22 59 60 61 62 63 64 65 68 69 70 71 72 73 74 75 76 77 78 81 
182 153 154 158 159 164 165 166 182 183 214 215 223 224 230 231 241 251 253 265 290 
389 332 343 344 356 374 384 385 386 388 389 390 391 393 394 395 401 402 411 420 421 423 424 425 
35 35 37 38 39 40 45 46 52 54 
12 1 2 8 9 10 11 12 13 14 15 16 17 18 19 33 36 42 43 48 49 53 55 56 57 58 
657 657 658 659 
93 82 88 90 91 93 105 127 128 130 139 140 
143 98 101 107 108 109 110 111 112 113 114 115 116 117 129 134 135 136 141 142 143 144 147 148 149 155 160 161 162 167 168 169 170 171 178 179 180 192 193 
96 83 84 85 86 87 89 92 94 95 96 97 106 131 132 133 145 146 
442 392 396 397 405 406 414 428 435 436 437 438 439 440 441 442 443 444 460 461 466 472 473 474 482 490 503 
124 99 100 102 103 104 118 119 120 121 122 123 124 125 126 137 138 150 151 156 
32 0 6 7 32 41 47 50 
157 152 157 177 184 202 203 208 213 
538 471 479 481 485 488 489 502 508 509 510 511 512 513 538 550 551 555 558 559 567 568 569 580 
209 163 172 173 174 175 176 181 194 195 196 197 198 199 200 201 209 210 211 212 217 222 229 239 247 248 249 250 255 256 257 263 
233 185 186 187 188 189 190 191 204 205 206 207 216 218 219 220 221 225 226 227 228 232 233 234 235 236 237 242 243 245 258 259 260 261 262 269 270 271 295 
29 3 4 5 23 24 25 26 27 28 29 30 31 34 44 51 66 67 79 80 
264 238 240 244 246 252 254 264 266 267 268 292 293 294 301 307 313 314 330 
306 284 285 286 287 288 289 291 302 303 304 305 306 310 311 312 320 321 331 341 342 350 351 352 355 
387 322 323 333 334 335 336 337 345 357 358 375 376 377 387 403 404 412 422 426 427 
434 434 458 478 
433 368 369 370 371 372 373 383 398 399 400 407 408 409 410 413 415 416 417 418 419 429 430 431 432 433 445 446 447 448 449 450 451 452 453 454 459 462 463 469 470 
339 272 273 274 275 276 277 278 279 280 281 282 283 296 297 298 299 300 308 309 315 316 317 318 319 324 325 326 327 328 329 338 339 340 346 347 348 349 353 354 359 360 361 362 363 364 365 366 367 378 379 380 381 382 
480 455 456 457 464 465 467 468 476 477 480 483 484 486 487 496 497 498 499 504 505 529 530 531 532 533 534 535 
521 475 491 492 493 494 495 514 515 516 517 518 519 520 521 522 523 524 525 526 527 528 536 537 552 553 554 560 561 562 571 572 573 574 583 
589 588 589 614 615 616 619 620 621 624 625 633 644 645 646 
542 500 501 506 507 540 541 542 543 545 546 547 548 549 557 564 565 566 
628 570 581 582 590 591 592 593 594 595 596 597 598 602 603 604 605 606 618 622 623 627 628 629 630 631 632 636 637 638 639 647 648 649 651 
650 586 587 599 600 601 626 650 652 653 654 
655 655 656 
661 660 661 
