7223.3
29 3 4 5 23 24 25 26 27 28 29 30 31 34 44 51 66 67 79 80 
552 492 512 513 514 515 516 517 518 519 520 551 552 553 554 558 559 560 561 568 569 570 571 572 580 581 582 583 
35 35 37 38 39 40 45 46 52 54 
576 528 529 530 531 536 556 562 563 573 574 575 576 577 578 579 584 585 596 597 598 606 607 608 609 610 631 632 
12 1 2 8 9 10 11 12 13 14 15 16 17 18 19 33 36 42 43 48 49 53 55 56 57 58 
475 445 446 447 448 449 450 451 452 453 454 459 460 461 462 463 469 470 473 474 475 493 494 495 496 504 521 522 523 524 525 526 527 537 
334 301 307 313 314 322 323 330 333 334 335 336 345 
189 142 147 148 149 155 160 161 162 167 168 169 170 178 179 180 185 186 187 188 189 190 191 192 193 204 205 206 207 216 218 219 220 221 225 226 227 228 233 234 235 236 237 242 243 245 260 261 262 
488 435 466 471 472 479 481 482 485 488 489 490 491 502 503 508 509 510 511 538 
93 82 88 90 91 93 105 127 128 130 139 140 
96 83 84 85 86 87 89 92 94 95 96 97 106 131 132 133 145 146 
124 99 100 103 104 118 119 120 121 122 123 124 125 126 137 138 150 151 156 163 171 172 173 174 175 176 181 
383 347 348 349 350 351 352 354 355 366 367 368 369 370 371 372 373 381 382 383 384 385 391 399 400 408 409 410 413 416 417 418 419 420 429 430 431 432 433 
101 98 101 102 107 108 109 110 111 112 113 114 115 116 117 129 134 135 136 141 143 144 
643 611 612 613 614 617 619 620 624 634 635 640 641 642 643 644 645 646 
32 0 6 7 32 41 47 50 
239 194 195 196 197 198 199 200 201 209 210 211 212 217 222 229 230 239 247 248 249 250 251 255 256 257 263 284 285 286 287 288 289 291 
627 590 591 592 593 594 595 602 603 604 605 618 622 623 627 628 629 630 636 637 638 639 647 648 649 651 
157 152 157 177 202 
183 153 154 158 159 164 165 166 182 183 214 215 223 224 231 241 253 
244 184 203 208 213 232 238 240 244 246 252 254 264 266 267 268 292 293 294 
315 258 259 269 270 271 272 273 274 275 276 277 278 279 280 281 282 283 295 296 297 298 299 300 308 309 315 316 317 318 319 324 325 326 327 328 329 337 338 339 340 346 353 361 362 363 364 365 379 380 
61 20 21 22 59 60 61 62 63 64 65 68 69 70 71 72 73 74 75 76 77 78 81 
343 265 290 302 303 304 305 306 310 311 312 320 321 331 332 341 342 343 344 356 374 386 388 389 390 393 394 395 401 
404 357 358 359 360 375 376 377 378 387 392 396 397 398 403 404 405 406 407 412 414 415 422 426 427 428 436 437 438 439 440 441 442 443 444 
434 402 411 423 424 425 434 458 478 501 506 
483 421 455 456 457 464 465 467 468 476 477 480 483 484 486 487 497 498 499 500 505 532 533 534 535 539 540 541 542 544 545 
589 507 543 546 547 548 549 557 564 565 566 588 589 615 616 621 625 633 
586 550 555 567 586 587 599 600 601 626 
654 650 652 653 654 
656 655 656 657 658 
661 659 660 661 
