7149.35
661 660 661 
50 0 6 7 32 41 47 50 83 86 
204 167 168 178 179 185 186 187 188 189 190 191 192 193 204 205 206 207 216 218 219 220 221 225 226 227 228 232 233 234 235 236 237 242 243 245 258 259 260 
601 555 567 586 587 590 599 600 601 626 650 652 653 
319 261 262 270 271 272 273 274 275 276 277 278 279 280 281 282 283 284 285 291 296 297 298 299 300 308 309 315 316 317 318 319 325 326 327 328 329 338 339 340 347 348 349 350 353 354 359 360 361 362 363 364 365 366 379 380 
5 5 26 27 28 29 30 31 44 51 
657 657 658 659 
93 82 88 90 91 93 105 127 128 130 139 140 
115 98 101 102 103 107 108 109 110 111 112 113 114 115 116 117 118 119 120 121 122 129 134 135 136 141 142 143 144 147 148 149 155 160 161 162 169 170 
35 35 37 38 39 40 45 46 52 54 
265 251 253 265 290 305 312 321 332 344 
56 8 9 10 11 12 36 42 43 48 49 53 55 56 57 58 59 60 68 69 72 73 84 85 
642 609 610 611 612 613 614 617 619 624 634 635 640 641 642 643 644 645 
501 478 487 500 501 506 507 541 542 543 545 546 547 548 549 
78 64 65 66 67 70 71 74 75 76 77 78 79 80 81 99 100 104 
175 123 124 125 126 137 138 150 151 156 163 171 172 173 174 175 176 180 181 194 195 196 197 198 199 200 201 209 210 211 212 217 229 239 
106 87 89 92 94 95 96 97 106 131 132 133 145 146 152 177 
202 157 184 202 203 208 213 238 240 246 
293 244 252 254 264 266 267 268 269 292 293 294 295 301 307 313 314 322 323 324 330 333 334 335 336 337 345 346 
532 476 477 480 483 484 486 495 496 497 498 499 504 505 526 527 528 529 530 531 532 533 534 535 536 539 540 544 556 563 577 578 579 585 
425 356 374 385 386 388 389 390 391 393 394 395 401 402 411 420 421 423 424 425 434 458 464 465 467 468 
412 357 358 375 376 377 387 403 404 412 422 426 427 435 466 
433 367 368 369 370 371 372 373 381 382 383 384 398 399 400 408 409 410 413 416 417 418 419 429 430 431 432 433 445 446 447 448 449 450 451 452 453 454 455 456 457 459 463 469 470 475 
20 1 2 3 4 13 14 15 16 17 18 19 20 21 22 23 24 25 33 34 61 62 63 
302 247 248 249 250 255 256 257 263 286 287 288 289 302 303 304 306 310 311 320 331 341 342 343 351 352 355 
443 378 392 396 397 405 406 407 414 415 428 436 437 438 439 440 441 442 443 444 460 461 462 472 473 474 
183 153 154 158 159 164 165 166 182 183 214 215 222 223 224 230 231 241 
512 471 479 481 482 485 488 489 490 491 492 502 503 508 509 510 511 512 513 514 515 516 517 518 519 538 550 551 552 558 559 568 569 570 580 581 
562 493 494 520 521 522 523 524 525 537 553 554 560 561 562 571 572 573 574 575 576 582 583 584 594 595 596 597 598 608 
589 557 564 565 566 588 589 615 616 620 621 625 633 646 
638 591 592 593 602 603 604 605 606 607 618 622 623 627 628 629 630 631 632 636 637 638 639 647 648 649 651 
655 654 655 656 
