7350.84
35 35 37 38 39 40 45 46 52 54 
167 107 108 109 110 111 133 134 141 142 143 144 145 146 147 148 149 155 160 161 162 167 168 177 178 179 185 186 187 188 189 190 191 204 205 206 216 218 219 225 226 233 
102 72 73 74 75 98 101 102 103 112 113 114 115 116 117 118 119 120 121 122 129 135 136 
433 367 368 369 370 371 372 373 383 384 400 409 410 413 415 416 417 418 419 429 430 431 432 433 445 446 447 448 449 450 451 452 453 454 455 456 457 459 463 
254 184 203 213 232 238 240 244 246 252 254 258 264 266 267 268 269 292 293 294 295 307 314 
66 5 24 25 26 27 28 29 30 31 44 51 62 63 64 65 66 67 70 71 76 77 78 79 80 81 
661 660 661 
50 0 6 7 32 41 42 47 48 50 55 86 
277 220 221 227 228 234 235 236 237 242 243 245 259 260 261 262 270 271 272 273 274 275 276 277 278 279 280 281 282 283 284 285 291 296 297 298 299 300 308 309 315 316 317 318 319 325 326 327 328 329 339 340 347 348 349 350 354 
183 154 158 159 164 165 166 182 183 212 214 215 222 223 224 230 231 241 253 265 
137 99 100 104 123 124 125 126 127 128 137 138 139 150 151 153 156 163 175 176 
197 169 170 171 172 173 174 180 181 192 193 194 195 196 197 198 199 200 201 207 209 210 211 217 229 239 255 256 
302 247 248 249 250 251 257 263 286 287 288 289 290 302 303 304 305 306 310 311 312 320 321 331 332 341 342 343 344 351 352 355 
157 152 157 202 208 
345 301 313 322 323 330 333 334 335 336 345 
359 324 337 338 346 353 359 360 361 362 363 364 365 366 375 376 377 378 379 380 381 382 392 396 397 398 399 405 406 407 408 414 428 
2 1 2 3 4 8 9 10 11 12 13 14 15 16 17 18 19 20 21 22 23 33 34 36 43 49 53 56 57 58 59 60 61 68 69 
96 83 84 85 87 89 92 94 95 96 97 106 131 132 
425 356 374 385 386 388 389 390 391 393 394 395 401 402 411 420 421 423 424 425 434 458 464 465 467 468 478 
493 443 444 460 461 462 469 470 473 474 475 491 492 493 494 495 496 497 504 505 517 518 519 520 521 522 523 524 525 526 527 528 537 
540 476 477 480 483 484 486 487 498 499 500 501 506 531 532 533 534 535 539 540 541 542 543 544 545 546 547 548 549 556 563 564 565 578 579 
657 657 658 659 
93 82 88 90 91 93 105 130 140 
422 357 358 387 403 404 412 422 426 427 435 436 437 438 439 440 441 442 
488 466 471 472 479 481 482 485 488 489 490 502 503 508 509 510 511 512 513 538 
589 507 557 566 588 589 615 616 620 621 625 633 646 
569 514 515 516 550 551 552 558 559 560 561 567 568 569 570 571 580 581 582 590 591 592 593 594 
575 529 530 536 553 554 562 572 573 574 575 576 577 583 584 585 595 596 597 598 605 606 607 608 609 623 630 631 632 
601 555 586 587 599 600 601 626 650 652 653 
647 602 603 604 618 622 627 628 629 636 637 638 639 647 648 649 651 
642 610 611 612 613 614 617 619 624 634 635 640 641 642 643 644 645 
655 654 655 656 
