7558.84
6 0 6 7 8 32 41 42 47 48 50 55 
17 1 2 3 9 10 11 12 13 14 15 16 17 18 19 20 21 22 23 33 34 36 43 49 
5 4 5 24 25 26 27 28 29 30 31 44 51 
181 116 117 118 119 120 121 122 123 129 161 162 169 170 171 172 173 174 175 180 181 192 193 194 195 196 197 198 199 200 201 209 210 229 255 256 
35 35 37 38 39 40 45 46 52 54 
73 53 56 57 58 59 60 61 62 63 68 69 72 73 74 75 98 102 
234 178 179 185 186 187 188 189 190 191 204 205 206 207 216 218 219 220 221 225 226 227 228 233 234 235 236 237 242 243 245 258 259 260 261 262 270 271 272 273 274 275 276 277 296 297 298 
349 278 279 280 281 282 283 284 285 286 287 288 289 291 299 300 309 317 318 319 327 328 329 331 339 340 347 348 349 350 351 354 355 365 366 367 368 369 370 371 372 373 380 381 382 383 400 410 
77 64 65 66 67 70 71 76 77 78 79 80 81 99 100 103 104 
586 555 567 586 587 599 600 601 626 
445 392 396 397 398 399 405 406 407 408 409 414 415 416 417 418 429 430 431 433 443 444 445 446 447 448 449 450 451 452 453 454 455 459 460 461 462 463 469 470 473 474 475 493 494 
91 82 88 90 91 93 105 
656 655 656 657 658 
92 83 84 85 86 87 92 94 95 97 
532 480 483 495 496 497 498 499 504 505 524 525 526 527 528 529 530 531 532 533 534 535 536 537 539 540 544 556 563 573 574 575 576 577 578 579 584 585 
391 341 342 352 384 385 386 388 391 393 401 413 419 420 421 423 424 432 456 457 
107 89 96 101 106 107 108 109 110 111 112 113 114 115 131 132 133 134 135 136 141 142 143 144 145 146 147 148 149 155 160 167 168 
151 124 125 126 127 128 137 138 139 140 150 151 153 154 156 163 164 176 
427 375 387 403 404 412 422 426 427 428 435 436 437 438 439 440 441 442 466 471 472 479 485 
159 130 158 159 165 166 182 183 
157 152 157 177 202 
251 211 212 214 215 217 222 223 224 230 231 239 241 247 248 249 250 251 253 257 263 265 290 302 303 304 305 306 310 311 312 320 
246 184 203 208 213 232 238 240 244 246 252 254 264 266 292 301 
356 321 332 343 344 356 374 389 390 394 395 402 411 425 
337 267 268 269 293 294 295 307 308 313 314 315 316 322 323 324 325 326 330 333 334 335 336 337 338 345 346 353 357 358 359 360 361 362 363 364 376 377 378 379 
478 434 458 464 465 467 468 476 477 478 484 486 487 500 501 506 507 541 542 543 545 
551 481 482 488 489 490 491 492 502 503 508 509 510 511 512 513 514 515 516 517 518 519 520 521 522 523 538 550 551 552 553 554 558 559 560 561 562 568 569 570 571 572 580 581 582 583 590 591 592 593 594 
589 546 547 548 549 557 564 565 566 588 589 615 616 620 621 625 633 646 
648 595 596 597 598 602 603 604 605 606 607 608 618 622 623 627 628 629 630 631 632 636 637 638 639 647 648 649 
642 609 610 611 612 613 614 617 619 624 634 635 640 641 642 643 644 645 
652 650 651 652 653 654 
661 659 660 661 
