6849.27
53 1 9 10 11 12 13 14 33 36 42 43 48 49 53 55 56 57 58 59 60 68 69 72 73 
538 479 485 488 489 502 508 509 510 511 512 538 550 555 558 559 567 568 580 
21 2 3 4 5 15 16 17 18 19 20 21 22 23 24 25 26 27 28 29 30 34 61 62 63 
32 0 6 7 8 32 41 47 50 
87 83 84 85 86 87 89 92 94 95 96 97 106 131 
35 31 35 37 38 39 40 45 46 52 54 
449 383 400 410 413 417 418 419 429 430 431 432 433 445 446 447 448 449 450 451 452 453 454 455 456 457 459 462 463 469 470 475 495 504 
189 146 160 161 162 167 168 169 170 178 179 185 186 187 188 189 190 191 192 193 204 205 206 207 216 218 219 220 221 225 226 227 228 233 234 235 236 237 242 243 
575 527 528 536 554 562 572 573 574 575 576 577 583 584 585 595 596 597 598 606 607 608 
105 82 90 91 93 105 127 128 130 139 140 153 154 158 159 164 165 166 
331 247 256 257 263 286 287 288 289 302 303 306 310 320 331 341 342 350 351 352 354 355 368 369 370 371 372 373 384 
519 474 491 492 493 494 503 513 514 515 516 517 518 519 520 521 522 523 524 525 526 537 551 552 553 560 561 571 
232 177 184 203 213 232 238 240 244 246 252 254 258 266 267 268 269 294 295 
157 145 152 157 202 208 
345 264 292 293 301 307 313 314 322 323 330 333 334 335 336 345 357 358 387 412 
439 403 404 422 426 427 428 435 436 437 438 439 440 441 442 443 444 460 461 466 471 472 473 481 482 490 
277 245 255 259 260 261 262 270 271 272 273 274 275 276 277 278 279 280 281 282 283 284 285 291 296 297 298 299 300 308 309 315 316 317 318 319 326 327 328 329 340 347 348 349 
601 586 587 599 600 601 626 650 
507 478 501 506 507 542 543 545 546 547 548 549 557 565 566 
80 44 51 64 65 66 67 70 71 74 75 76 77 78 79 80 81 88 99 100 104 
174 121 122 123 124 125 126 137 138 150 151 156 163 171 172 173 174 175 176 180 181 194 195 196 197 198 199 200 201 209 210 211 217 229 239 
362 324 325 337 338 339 346 353 359 360 361 362 363 364 365 366 367 375 376 377 378 379 380 381 382 392 396 397 398 399 405 406 407 408 409 414 415 416 
112 98 101 102 103 107 108 109 110 111 112 113 114 115 116 117 118 119 120 129 132 133 134 135 136 141 142 143 144 147 148 149 155 
253 182 183 212 214 215 222 223 224 230 231 241 248 249 250 251 253 265 290 304 305 311 312 321 332 
535 464 465 476 477 480 483 484 486 487 496 497 498 499 500 505 529 530 531 532 533 534 535 539 540 541 544 556 563 564 578 579 
394 343 344 356 374 385 386 388 389 390 391 393 394 395 401 402 411 420 421 423 424 425 434 458 467 468 
618 569 570 581 582 590 591 592 593 594 602 603 604 605 618 622 623 627 628 629 630 636 637 638 647 648 651 
633 588 589 614 615 616 619 620 621 624 625 633 644 645 646 
640 609 610 611 612 613 617 631 632 634 635 639 640 641 642 643 649 
654 652 653 654 655 
657 656 657 658 659 660 
661 661 
