6990.33
32 0 6 7 8 32 41 47 50 
241 158 159 165 166 182 183 212 214 215 222 223 224 230 231 241 250 251 253 265 290 
57 1 9 10 11 12 13 14 33 36 42 43 48 49 53 55 56 57 58 59 60 68 69 72 73 
115 98 101 102 103 107 108 109 110 111 112 113 114 115 116 117 118 119 120 121 122 129 133 134 135 136 141 142 143 144 147 148 149 155 160 161 162 169 170 171 172 178 179 180 181 
460 396 397 405 406 407 408 409 414 415 416 417 428 429 435 436 437 438 439 440 441 442 443 444 445 446 447 448 460 461 462 463 469 470 472 473 474 475 491 492 493 494 
560 516 517 518 519 520 521 522 523 537 551 552 553 554 559 560 561 562 568 569 570 571 572 580 581 582 583 591 592 593 594 602 
137 99 100 104 123 124 125 126 127 128 130 137 138 139 140 150 151 153 154 156 163 164 173 174 175 176 
82 38 46 52 54 82 88 90 91 93 105 
505 449 450 451 452 453 454 455 459 476 477 480 483 484 495 496 497 498 499 504 505 524 525 526 527 528 529 530 531 532 533 534 535 536 
661 660 661 
3 2 3 4 15 16 17 18 19 20 21 22 23 24 25 26 27 34 61 62 
266 232 244 246 252 254 264 266 267 268 269 292 293 294 295 301 307 313 314 322 323 324 330 333 
31 5 28 29 30 31 35 37 39 40 44 45 51 
77 63 64 65 66 67 70 71 74 75 76 77 78 79 80 81 
94 83 84 85 86 87 89 92 94 95 96 97 106 131 132 145 146 
370 348 349 350 351 352 354 355 367 368 369 370 371 372 373 383 384 400 410 413 418 430 431 432 433 
508 466 471 479 481 482 485 488 489 490 502 503 508 509 510 511 512 513 514 515 538 550 555 558 567 
242 167 168 185 186 187 188 189 190 191 192 204 205 206 207 216 218 219 220 221 225 226 227 228 233 234 235 236 237 242 243 245 258 259 260 261 262 272 273 274 275 276 277 278 279 280 281 
357 334 335 336 345 357 358 375 376 377 387 403 404 412 422 426 427 
633 588 589 614 615 616 619 620 621 624 625 633 642 643 644 645 646 
257 193 194 195 196 197 198 199 200 201 209 210 211 217 229 239 247 248 249 255 256 257 263 282 283 284 285 286 287 288 289 291 331 
338 270 271 296 297 298 299 300 308 309 315 316 317 318 319 325 326 327 328 329 337 338 339 340 346 347 353 359 360 361 362 363 364 365 366 378 379 380 381 382 392 398 399 
578 539 544 556 563 575 576 577 578 579 584 585 609 610 611 612 613 617 635 641 
202 152 157 177 184 202 203 208 213 238 240 
343 302 303 304 305 306 310 311 312 320 321 332 341 342 343 344 356 374 389 390 
421 385 386 388 391 393 394 395 401 402 419 420 421 423 424 456 457 458 464 465 467 468 
434 411 425 434 478 
542 486 487 500 501 506 507 540 541 542 543 545 546 547 548 549 557 564 565 566 
623 573 574 595 596 597 598 603 604 605 606 607 608 618 622 623 627 628 629 630 631 632 634 636 637 638 639 640 648 649 
626 586 587 590 599 600 601 626 647 650 651 652 653 
655 654 655 656 
657 657 658 659 
