7226.85
32 0 6 7 32 41 47 50 
377 337 346 353 357 358 359 360 361 362 363 364 365 366 375 376 377 378 379 380 381 382 392 396 397 398 399 403 404 405 406 407 408 414 428 
100 77 78 79 80 99 100 102 103 104 118 119 120 121 122 123 124 125 126 127 129 137 138 151 
646 614 615 616 619 620 621 624 625 633 644 645 646 
35 35 37 38 39 40 45 46 52 54 
334 264 266 292 293 301 307 313 314 322 323 330 333 334 335 336 345 387 
29 3 4 5 23 24 25 26 27 28 29 30 31 34 44 51 66 67 
499 464 465 467 468 476 477 480 483 484 486 487 496 497 498 499 500 504 505 529 530 531 532 533 534 535 536 539 540 544 556 
655 652 653 654 655 656 
91 82 88 90 91 93 105 128 139 
413 367 368 369 370 371 372 373 383 384 385 386 388 391 393 400 410 413 418 419 420 421 423 430 431 432 451 452 453 454 455 456 457 
168 101 107 108 109 110 111 112 113 114 115 116 117 133 134 135 136 141 142 143 144 145 146 147 148 149 155 160 161 162 167 168 169 170 177 178 179 185 186 187 188 189 190 191 192 204 205 206 207 216 218 219 220 221 225 226 227 228 235 236 
513 472 481 482 488 489 490 491 492 502 503 508 509 510 511 512 513 514 515 516 517 518 519 538 550 551 552 558 559 568 569 570 580 581 
96 83 84 85 86 87 89 92 94 95 96 97 106 131 132 
159 130 140 153 154 158 159 164 165 166 182 183 215 224 241 
12 1 2 8 9 10 11 12 13 14 15 16 17 18 19 33 36 42 43 48 49 53 55 56 57 58 
200 150 156 163 171 172 173 174 175 176 180 181 193 194 195 196 197 198 199 200 201 209 210 211 212 214 217 222 223 229 230 231 239 247 248 249 250 
435 412 422 426 427 435 436 437 438 439 440 441 442 466 471 479 485 
61 20 21 22 59 60 61 62 63 64 65 68 69 70 71 72 73 74 75 76 81 98 
296 233 234 242 243 258 259 260 261 262 267 268 269 270 271 272 273 274 275 276 277 278 279 294 295 296 297 298 299 300 308 309 315 316 317 318 319 324 325 326 327 328 329 338 339 340 347 348 
202 152 157 184 202 203 208 213 232 238 240 244 246 252 254 
434 394 395 401 402 411 424 425 434 458 478 501 
286 237 245 255 256 257 263 280 281 282 283 284 285 286 287 288 289 291 302 306 331 349 350 351 352 354 355 
661 660 661 
332 251 253 265 290 303 304 305 310 311 312 320 321 332 341 342 343 344 356 374 389 390 
462 409 415 416 417 429 433 443 444 445 446 447 448 449 450 459 460 461 462 463 469 470 473 474 475 493 494 495 
557 506 507 541 542 543 545 546 547 548 549 557 563 564 565 566 588 589 
562 520 521 522 523 524 525 526 527 528 537 553 554 560 561 562 571 572 573 574 575 576 577 582 583 584 594 595 596 597 598 604 605 606 623 
586 555 567 586 587 599 600 601 626 650 
635 578 579 585 607 608 609 610 611 612 613 617 630 631 632 634 635 639 640 641 642 643 649 
647 590 591 592 593 602 603 618 622 627 628 629 636 637 638 647 648 651 
657 657 658 659 
