7396.73
661 659 660 661 
50 0 6 7 32 41 47 50 83 86 
563 539 540 541 544 545 546 548 549 556 563 564 565 566 578 579 613 
93 82 88 90 91 93 105 128 130 139 140 
469 430 431 432 433 444 445 446 447 448 449 450 451 452 453 459 460 461 462 463 469 470 473 474 475 493 494 495 504 521 522 523 
388 310 311 320 321 332 341 342 343 344 356 374 385 386 388 389 390 391 393 394 395 401 402 411 419 420 421 423 424 425 458 
106 87 89 92 94 95 96 97 106 131 132 133 145 146 152 177 
56 8 9 10 11 12 36 42 43 48 49 53 55 56 57 58 59 60 68 69 72 73 84 85 
150 123 124 125 126 127 137 138 150 151 153 154 156 163 164 172 173 174 175 176 181 199 200 201 209 210 211 
35 31 35 37 38 39 40 45 46 52 54 
403 337 357 358 375 376 377 387 403 404 412 422 426 427 428 442 443 
551 491 492 509 510 511 512 513 514 515 516 517 518 519 520 538 550 551 552 558 559 560 567 568 569 570 571 580 581 582 590 591 
202 157 184 202 203 208 213 238 240 244 246 252 264 
78 44 51 64 65 66 67 70 71 74 75 76 77 78 79 80 81 99 100 104 
501 434 478 501 506 507 542 543 547 557 
241 158 159 165 166 182 183 212 214 215 222 223 224 230 231 241 249 250 251 253 265 290 303 304 305 312 
471 435 436 437 438 439 440 441 466 471 472 479 481 482 485 488 489 490 502 503 508 
258 185 186 187 188 189 204 205 206 216 218 219 220 225 226 227 232 233 234 235 242 254 258 259 260 266 267 268 269 270 271 272 273 274 275 276 294 295 296 297 298 299 308 309 315 316 317 324 325 326 
20 1 2 3 4 5 13 14 15 16 17 18 19 20 21 22 23 24 25 26 27 28 29 30 33 34 61 62 63 
114 98 101 102 103 107 108 109 110 111 112 113 114 115 116 117 118 119 120 121 122 129 134 135 136 141 142 143 144 147 148 149 155 160 161 162 167 168 169 170 171 178 179 180 
255 190 191 192 193 194 195 196 197 198 207 217 221 228 229 236 237 239 243 245 247 248 255 256 257 261 262 263 277 278 279 280 281 282 283 284 285 286 287 288 289 291 300 
345 292 293 301 307 313 314 322 323 330 333 334 335 336 345 
633 588 589 614 615 616 619 620 621 624 625 633 644 645 646 
351 302 306 331 348 349 350 351 352 354 355 368 369 370 371 372 373 383 384 413 
381 318 319 327 328 329 338 339 340 346 347 353 359 360 361 362 363 364 365 366 367 378 379 380 381 382 392 396 397 398 399 400 405 406 407 408 409 410 414 415 416 417 418 429 
499 454 455 456 457 464 465 467 468 476 477 480 483 484 486 487 496 497 498 499 500 505 529 530 531 532 533 534 535 
574 524 525 526 527 528 536 537 553 554 561 562 572 573 574 575 576 577 583 584 585 595 596 597 598 604 605 606 607 608 623 630 631 
601 555 586 587 599 600 601 626 650 
647 592 593 594 602 603 618 622 627 628 629 636 637 638 647 648 651 
641 609 610 611 612 617 632 634 635 639 640 641 642 643 649 
654 652 653 654 
656 655 656 657 658 
