7320.14
0 0 1 6 7 8 9 10 11 12 13 14 32 33 36 41 42 43 47 48 49 50 53 55 56 57 
63 2 3 15 16 17 18 19 20 21 22 23 34 58 59 60 61 62 63 64 65 66 68 69 70 71 72 73 74 75 76 77 78 79 81 
251 211 212 214 215 217 222 223 224 230 231 241 247 248 249 250 251 253 257 263 265 289 290 302 303 304 305 310 311 312 320 
362 338 346 353 359 360 361 362 363 364 365 366 377 378 379 380 381 382 392 396 397 398 399 405 406 407 408 409 414 428 
641 610 611 612 613 617 632 634 635 639 640 641 642 643 649 
500 434 458 464 465 467 468 476 477 478 483 484 486 487 500 501 506 507 539 540 541 542 543 544 545 546 547 548 549 557 563 564 
173 120 121 122 123 124 125 126 137 150 151 156 163 170 171 172 173 174 175 176 180 181 192 193 194 195 196 197 198 199 200 201 209 210 229 239 
35 35 37 38 39 40 45 46 52 54 
5 4 5 24 25 26 27 28 29 30 31 44 51 67 
98 98 101 102 103 108 109 110 111 112 113 114 115 116 117 118 119 129 134 135 136 
167 107 131 132 133 141 142 143 144 145 146 147 148 149 155 160 161 162 167 168 169 177 178 179 185 186 187 188 189 190 191 204 205 206 207 216 218 219 220 221 225 226 227 233 234 
654 652 653 654 655 
560 513 514 515 516 517 518 519 520 521 522 523 537 551 552 553 554 559 560 561 562 568 569 570 571 572 580 581 582 583 590 591 592 593 594 603 604 605 
90 80 82 88 90 91 93 99 100 104 127 128 138 139 
466 426 427 435 436 437 438 439 440 441 442 466 471 472 479 481 482 485 490 
661 660 661 
97 83 84 85 86 87 89 92 94 95 96 97 106 152 
238 157 184 202 203 208 213 232 238 240 244 246 252 254 264 
633 565 566 588 589 614 615 616 619 620 621 624 625 633 644 645 646 
445 415 416 417 429 433 443 444 445 446 447 448 449 450 451 452 459 460 461 462 463 469 470 473 474 475 491 492 493 494 
159 105 130 140 153 154 158 159 164 165 166 182 183 
300 228 235 236 237 242 243 245 255 256 259 260 261 262 271 272 273 274 275 276 277 278 279 280 281 282 283 284 285 286 287 288 291 296 297 298 299 300 308 309 315 316 317 318 319 325 326 327 328 329 339 340 347 348 349 
295 258 266 267 268 269 270 292 293 294 295 301 307 313 314 322 323 324 330 333 336 337 
387 334 335 345 357 358 375 376 387 403 404 412 422 
384 306 331 341 342 350 351 352 354 355 367 368 369 370 371 372 373 383 384 385 386 388 391 400 410 413 418 419 420 421 423 430 431 432 
497 453 454 455 456 457 480 495 496 497 498 499 504 505 524 525 526 527 528 529 530 531 532 533 534 535 536 
356 321 332 343 344 356 374 389 390 393 394 395 401 402 411 424 425 
538 488 489 502 503 508 509 510 511 512 538 550 555 558 567 
584 556 573 574 575 576 577 578 579 584 585 595 596 597 598 606 607 608 609 623 630 631 
601 586 587 599 600 601 626 650 
647 602 618 622 627 628 629 636 637 638 647 648 651 
657 656 657 658 659 
