7246.17
98 72 73 98 101 102 103 107 108 109 110 111 112 113 114 115 116 117 118 119 129 134 135 136 
87 83 84 85 86 87 89 92 94 95 96 97 106 
661 660 661 
3 2 3 4 5 16 17 18 19 20 21 22 23 24 25 26 27 28 29 30 34 61 62 63 
302 247 248 249 250 251 256 257 263 286 287 288 289 290 302 303 304 305 306 310 311 312 320 321 331 332 341 342 343 344 
168 131 132 133 141 142 143 144 145 146 147 148 149 155 160 161 162 167 168 169 170 178 179 185 186 187 188 189 190 191 192 204 205 206 207 216 219 220 226 
53 1 9 10 11 12 13 14 15 33 36 42 43 48 49 53 55 56 57 58 59 60 68 69 
642 610 611 612 613 614 617 619 624 634 635 640 641 642 643 644 645 
501 434 478 501 506 507 542 543 545 546 547 548 549 
78 44 51 64 65 66 67 70 71 74 75 76 77 78 79 80 81 99 100 104 
657 657 658 659 
93 82 88 90 91 93 105 127 128 130 139 140 
32 0 6 7 8 32 41 47 50 
173 120 121 122 123 124 125 126 137 138 150 151 156 163 171 172 173 174 175 176 180 181 193 194 195 196 197 198 199 200 201 209 210 211 212 217 229 239 
35 31 35 37 38 39 40 45 46 52 54 
371 347 348 349 350 351 352 354 355 366 367 368 369 370 371 372 373 383 384 385 400 410 413 418 419 432 
183 153 154 158 159 164 165 166 182 183 214 215 222 223 224 230 231 241 253 265 
655 654 655 656 
232 177 184 203 213 218 225 232 233 238 240 244 246 252 254 258 266 267 268 269 294 295 
276 221 227 228 234 235 236 237 242 243 245 255 259 260 261 262 270 271 272 273 274 275 276 277 278 279 280 281 282 283 284 285 291 296 297 298 299 300 308 309 315 316 317 318 319 325 326 327 328 329 339 340 
157 152 157 202 208 
345 264 292 293 301 307 313 314 322 323 330 333 334 335 336 345 357 387 412 422 
359 324 337 338 346 353 358 359 360 361 362 363 364 365 375 376 377 378 379 380 381 382 392 396 397 398 399 403 404 405 406 407 408 409 414 426 427 428 
424 356 374 386 388 389 390 391 393 394 395 401 402 411 420 421 423 424 425 458 467 468 
447 415 416 417 429 430 431 433 443 444 445 446 447 448 449 450 451 452 453 454 455 459 460 461 462 463 469 470 473 474 475 493 494 495 
488 435 436 437 438 439 440 441 442 466 471 472 479 481 482 485 488 489 490 491 492 502 503 508 509 510 511 512 513 538 
499 456 457 464 465 476 477 480 483 484 486 487 496 497 498 499 500 504 505 529 530 531 532 533 534 535 539 540 541 544 556 563 
569 514 515 516 517 518 519 520 550 551 552 558 559 560 561 567 568 569 570 571 580 581 582 590 591 592 593 594 
575 521 522 523 524 525 526 527 528 536 537 553 554 562 572 573 574 575 576 577 578 579 583 584 585 595 596 597 598 605 606 607 608 609 623 630 631 632 
601 555 586 587 599 600 601 626 650 652 653 
589 557 564 565 566 588 589 615 616 620 621 625 633 646 
647 602 603 604 618 622 627 628 629 636 637 638 639 647 648 649 651 
