7022.6
35 31 35 37 38 39 40 45 46 52 54 
57 9 10 11 12 13 14 36 42 43 48 49 53 55 56 57 58 59 60 68 69 72 73 
80 44 51 64 65 66 67 70 71 74 75 76 77 78 79 80 81 88 99 100 104 
402 356 374 386 388 389 390 393 394 395 401 402 411 421 423 424 425 458 
105 82 90 91 93 105 127 128 130 137 138 139 140 151 153 154 158 159 164 165 166 183 
661 660 661 
473 439 440 441 442 443 444 445 446 460 461 462 469 470 472 473 474 475 482 490 491 492 493 494 503 516 517 518 519 
95 83 84 85 86 87 89 92 94 95 96 97 106 131 132 133 
655 655 656 
185 145 146 167 168 177 178 179 185 186 187 188 189 190 191 204 205 206 207 216 218 219 220 221 225 226 227 228 232 233 234 235 242 258 
633 588 589 614 615 616 619 620 621 624 625 633 644 645 646 
586 567 586 587 599 600 601 626 
116 98 101 102 103 107 108 109 110 111 112 113 114 115 116 117 118 119 120 121 122 123 124 125 126 129 134 135 136 141 142 143 144 147 148 149 155 160 161 162 169 170 171 180 
300 236 237 243 245 255 259 260 261 262 270 271 272 273 274 275 276 277 278 279 280 281 282 283 284 285 291 296 297 298 299 300 308 309 315 316 317 318 319 325 326 327 328 329 339 340 347 348 349 
21 1 2 3 4 5 15 16 17 18 19 20 21 22 23 24 25 26 27 28 29 30 33 34 61 62 63 
209 150 156 163 172 173 174 175 176 181 192 193 194 195 196 197 198 199 200 201 209 210 211 212 214 217 222 223 229 230 239 247 248 249 250 256 257 263 
508 471 479 481 485 488 489 502 508 509 510 511 512 513 514 515 538 550 551 552 555 558 559 568 569 580 581 
202 152 157 184 202 203 208 213 238 240 244 246 252 264 
32 0 6 7 8 32 41 47 50 
455 400 410 413 418 419 420 430 431 432 433 447 448 449 450 451 452 453 454 455 456 457 459 463 464 465 467 468 476 477 480 495 496 497 498 504 505 
501 434 478 500 501 506 507 542 543 547 557 
290 182 215 224 231 241 251 253 265 290 303 304 305 310 311 312 320 321 332 343 344 
307 254 266 267 268 269 292 293 294 295 301 307 313 314 322 323 324 330 333 334 335 336 337 345 346 
657 657 658 659 
422 357 358 375 387 403 404 412 422 426 427 435 436 437 438 466 
352 286 287 288 289 302 306 331 341 342 350 351 352 354 355 368 369 370 371 372 373 383 384 385 391 
378 338 353 359 360 361 362 363 364 365 366 367 376 377 378 379 380 381 382 392 396 397 398 399 405 406 407 408 409 414 415 416 417 428 429 
544 483 484 486 487 499 529 530 531 532 533 534 535 539 540 541 544 545 546 548 549 556 563 564 565 566 577 578 579 585 
562 520 521 522 523 524 525 526 527 528 536 537 553 554 560 561 562 570 571 572 573 574 575 576 582 583 584 594 595 596 597 598 604 605 606 623 
647 590 591 592 593 602 603 618 622 627 628 629 636 637 638 647 648 651 
635 607 608 609 610 611 612 613 617 630 631 632 634 635 639 640 641 642 643 649 
652 650 652 653 654 
