7479.32
0 0 6 7 8 9 10 11 12 32 36 41 42 43 47 48 49 50 55 
345 266 267 292 293 294 301 307 313 314 322 323 324 330 333 334 335 336 345 
20 1 2 3 4 5 13 14 15 16 17 18 19 20 21 22 23 24 25 26 27 28 29 30 33 34 
586 550 555 558 567 568 580 586 587 590 599 600 601 626 
163 123 124 125 126 127 128 137 138 139 150 151 153 154 156 163 164 175 176 211 212 
35 31 35 37 38 39 40 45 46 52 54 
79 44 51 64 65 66 67 70 71 76 77 78 79 80 81 99 100 103 104 
145 106 131 132 133 145 146 152 177 185 186 
589 546 547 548 549 557 564 565 566 588 589 615 616 620 621 625 633 646 
72 53 56 57 58 59 60 61 62 63 68 69 72 73 74 75 98 102 
93 82 88 90 91 93 105 130 140 
87 83 84 85 86 87 89 92 94 95 96 97 
531 480 483 495 496 497 498 499 504 505 524 525 526 527 528 529 530 531 532 533 534 535 536 539 540 544 556 563 573 574 575 576 577 578 579 584 585 
202 157 184 202 203 208 213 232 238 240 244 246 252 254 264 
478 434 458 467 468 476 477 478 484 486 487 500 501 506 507 541 542 543 545 
253 214 215 222 223 224 230 231 241 249 250 251 253 265 290 304 305 311 312 
159 158 159 165 166 182 183 
274 204 216 218 219 220 221 225 226 227 228 233 234 235 236 237 242 243 245 258 259 260 261 262 268 269 270 271 272 273 274 275 276 277 278 279 280 281 282 283 295 296 297 298 299 300 308 309 315 316 317 318 319 325 326 327 328 329 338 339 340 347 348 353 
404 337 346 357 358 359 360 361 362 375 376 377 378 387 396 403 404 405 412 422 426 427 428 437 438 439 440 441 442 443 
143 101 107 108 109 110 111 112 113 114 115 116 117 118 119 120 121 122 129 134 135 136 141 142 143 144 147 148 149 155 160 161 162 167 168 169 170 178 179 187 188 189 190 191 205 206 
331 263 284 285 286 287 288 289 291 302 303 306 310 320 331 341 342 349 350 351 352 354 355 369 370 371 372 373 
356 321 332 343 344 356 374 389 390 394 395 402 411 425 
429 363 364 365 366 367 368 379 380 381 382 383 392 397 398 399 400 406 407 408 409 410 414 415 416 417 418 429 430 431 433 444 445 446 447 448 449 450 451 452 459 460 461 462 463 469 470 475 
420 384 385 386 388 391 393 401 413 419 420 421 423 424 432 453 454 455 456 457 464 465 
197 171 172 173 174 180 181 192 193 194 195 196 197 198 199 200 201 207 209 210 217 229 239 247 248 255 256 257 
479 435 436 466 471 479 481 485 488 489 502 508 509 538 
518 472 473 474 482 490 491 492 493 494 503 510 511 512 513 514 515 516 517 518 519 520 521 522 523 537 551 552 553 554 559 560 561 562 569 570 571 572 581 582 583 
637 591 592 593 594 595 596 597 598 602 603 604 605 606 607 608 618 622 623 627 628 629 630 631 632 636 637 638 639 647 648 649 651 
642 609 610 611 612 613 614 617 619 624 634 635 640 641 642 643 644 645 
654 650 652 653 654 
656 655 656 657 658 
661 659 660 661 
