7439.48
496 451 452 453 454 455 456 469 470 475 480 494 495 496 497 498 499 504 505 524 525 526 527 528 529 530 531 532 533 536 
74 60 61 62 63 64 65 69 70 71 72 73 74 75 76 77 78 81 98 101 102 
574 537 553 554 560 561 562 570 571 572 573 574 575 576 577 582 583 584 585 595 596 597 598 604 605 606 607 623 630 
104 79 80 88 99 100 103 104 120 121 122 123 124 125 126 137 138 151 
92 83 84 85 86 87 89 92 94 95 96 97 
391 352 369 370 371 372 373 384 385 386 388 389 390 391 393 394 401 402 413 419 420 421 423 424 432 457 464 465 467 
201 150 156 163 172 173 174 175 176 181 194 195 196 197 198 199 200 201 209 210 211 212 217 229 239 247 248 249 
17 1 2 3 9 10 11 12 13 14 15 16 17 18 19 20 21 22 23 33 36 43 49 53 56 57 58 59 68 
646 588 589 613 614 615 616 619 620 621 624 625 633 643 644 645 646 
35 35 37 38 39 40 45 46 52 54 
270 216 218 219 225 226 227 233 234 235 242 243 258 259 260 261 267 268 269 270 271 272 273 274 275 276 277 278 294 295 296 297 298 299 300 307 308 309 314 315 316 317 318 319 323 324 325 326 327 328 329 336 337 338 339 340 346 353 
640 608 609 610 611 612 617 631 632 634 635 639 640 641 642 649 
29 4 5 24 25 26 27 28 29 30 31 34 44 51 66 67 
264 202 238 240 244 246 252 254 264 266 292 293 301 313 322 330 333 334 335 345 
287 245 255 256 257 262 263 279 280 281 282 283 284 285 286 287 288 289 291 331 347 348 349 350 351 354 355 
540 476 477 483 484 486 487 500 534 535 539 540 541 542 544 545 546 548 556 563 564 565 578 579 
555 479 485 508 509 510 538 550 555 558 559 567 568 569 580 581 586 587 599 600 601 
320 302 303 304 305 306 310 311 312 320 321 332 341 342 343 344 356 374 
647 590 591 592 593 594 602 603 618 622 626 627 628 629 636 637 638 647 648 651 
177 106 131 132 133 145 146 152 157 177 184 185 186 203 208 213 232 
412 357 358 375 376 377 387 403 404 412 422 426 427 435 436 437 466 
6 0 6 7 8 32 41 42 47 48 50 55 
241 182 183 214 215 222 223 224 230 231 241 250 251 253 265 290 
429 359 360 361 362 363 364 365 366 367 368 378 379 380 381 382 383 392 396 397 398 399 400 405 406 407 408 409 410 414 415 416 417 418 428 429 430 431 433 445 446 447 448 449 450 459 461 462 463 
105 82 90 91 93 105 127 128 130 139 140 153 154 158 159 164 165 166 
434 395 411 425 434 458 468 478 
162 107 108 109 110 111 112 113 114 115 116 117 118 119 129 134 135 136 141 142 143 144 147 148 149 155 160 161 162 167 168 169 170 171 178 179 180 187 188 189 190 191 192 193 204 205 206 207 220 221 228 236 237 
491 438 439 440 441 442 443 444 460 471 472 473 474 481 482 488 489 490 491 492 493 502 503 511 512 513 514 515 516 517 518 519 520 521 522 523 551 552 
507 501 506 507 543 547 549 557 566 
652 650 652 653 654 
655 655 656 
660 657 658 659 660 661 
