7303.67
71 4 5 24 25 26 27 28 29 30 34 44 51 61 62 63 64 65 66 67 70 71 72 73 74 75 76 77 78 79 80 81 
301 244 246 252 254 264 266 267 268 292 293 294 301 307 313 314 322 323 330 333 334 335 336 345 
90 82 88 90 91 93 127 128 138 139 
92 83 84 85 86 87 89 92 94 95 96 97 106 
202 152 157 184 202 203 208 213 238 240 
121 98 99 100 101 102 103 104 112 113 114 115 116 117 118 119 120 121 122 123 124 125 126 129 136 137 150 156 170 171 172 173 174 175 176 180 181 
167 107 108 109 110 111 131 132 133 134 135 141 142 143 144 145 146 147 148 149 155 160 161 162 167 168 169 177 178 179 185 186 187 188 189 190 191 204 205 206 207 216 218 219 220 221 226 227 228 
384 331 341 348 349 350 351 352 354 355 368 369 370 371 372 373 383 384 385 386 391 400 410 413 419 420 430 431 432 
256 192 193 194 195 196 197 198 199 200 201 209 229 236 237 239 243 245 247 248 255 256 257 262 263 280 281 282 283 284 285 286 287 288 289 291 306 
417 347 359 360 361 362 363 364 365 366 367 378 379 380 381 382 392 396 397 398 399 405 406 407 408 409 414 415 416 417 418 428 429 433 441 442 443 444 445 446 447 448 449 450 459 460 461 462 463 
646 588 589 614 615 616 619 620 621 624 625 633 642 643 644 645 646 
35 31 35 37 38 39 40 45 46 52 54 
223 151 163 182 210 211 212 214 215 217 222 223 224 230 231 241 249 250 251 253 
270 225 232 233 234 235 242 258 259 260 261 269 270 271 272 273 274 275 276 277 278 279 295 296 297 298 299 300 308 309 315 316 317 318 319 324 325 326 327 328 329 337 338 339 340 346 353 
6 0 6 7 8 32 41 42 47 48 50 55 
523 469 470 473 474 475 491 492 493 494 495 504 516 517 518 519 520 521 522 523 524 525 526 527 528 529 536 537 553 554 561 562 572 583 
661 660 661 
332 265 290 302 303 304 305 310 311 312 320 321 332 342 343 344 356 374 
387 357 358 375 376 377 387 403 404 412 422 426 427 
2 1 2 3 9 10 11 12 13 14 15 16 17 18 19 20 21 22 23 33 36 43 49 53 56 57 58 59 60 68 69 
425 388 389 390 393 394 395 401 402 411 421 423 424 425 434 458 
159 105 130 140 153 154 158 159 164 165 166 183 
488 435 436 437 438 439 440 466 471 472 479 481 482 485 488 489 490 502 503 508 509 510 511 512 513 538 
480 451 452 453 454 455 456 457 464 465 467 468 476 477 480 483 484 486 487 496 497 498 499 500 505 530 531 532 533 534 535 
601 555 586 587 599 600 601 650 652 653 
507 478 501 506 507 542 543 545 546 547 548 549 557 566 
569 514 515 550 551 552 558 559 560 567 568 569 570 571 580 581 582 590 591 592 593 594 602 
579 539 540 541 544 556 563 564 565 576 577 578 579 584 585 610 611 612 613 617 635 641 
623 573 574 575 595 596 597 598 603 604 605 606 607 608 609 623 628 629 630 631 632 634 636 637 638 639 640 648 649 
651 618 622 626 627 647 651 
655 654 655 656 
657 657 658 659 
