7457.36
216 167 185 186 187 188 189 190 191 192 204 205 206 207 216 218 219 220 221 225 226 227 228 232 233 234 235 236 237 242 243 245 258 259 260 261 262 273 274 275 276 277 278 279 
35 35 37 38 39 40 45 46 52 54 
265 224 231 241 251 253 265 290 303 304 305 310 311 312 320 321 332 344 
353 269 270 271 272 295 296 297 298 299 300 307 308 309 314 315 316 317 318 319 323 324 325 326 327 328 329 335 336 337 338 339 340 346 353 359 360 361 362 363 364 365 366 376 377 378 379 380 381 382 392 396 397 398 399 405 406 407 408 409 414 415 428 
89 55 56 83 84 85 86 87 89 92 94 95 96 97 106 131 132 
66 5 29 30 31 44 51 64 65 66 67 70 71 77 78 79 80 
21 1 2 3 4 11 12 13 14 15 16 17 18 19 20 21 22 23 24 25 26 27 28 33 34 36 
157 145 152 157 177 184 202 203 208 213 
134 98 101 107 108 109 110 111 112 113 114 115 116 117 129 133 134 135 136 141 142 143 144 146 147 148 149 155 160 161 162 168 169 170 178 179 180 
32 0 6 7 8 9 10 32 41 42 47 48 50 
502 437 438 439 440 441 442 443 444 460 471 472 473 474 479 481 482 485 488 489 490 491 492 502 503 508 509 510 511 512 513 514 515 516 517 538 551 559 
652 650 652 653 654 
88 82 88 90 91 93 127 128 
229 181 193 194 195 196 197 198 199 200 201 209 210 211 212 214 217 222 223 229 230 239 247 248 249 250 255 256 257 263 289 302 
647 590 591 592 593 594 602 603 604 618 622 627 628 629 636 637 638 647 651 
412 357 358 375 387 403 404 412 422 426 427 435 436 466 
459 400 410 413 416 417 418 419 429 430 431 432 433 445 446 447 448 449 450 451 452 453 454 455 456 457 459 461 462 463 464 469 470 475 495 496 504 
123 99 100 102 103 104 118 119 120 121 122 123 124 125 126 137 138 150 151 156 163 171 172 173 174 175 176 
264 238 240 244 246 252 254 264 266 267 268 292 293 294 301 313 322 330 333 334 345 
73 43 49 53 57 58 59 60 61 62 63 68 69 72 73 74 75 76 81 
402 342 343 356 374 386 388 389 390 391 393 394 395 401 402 411 420 421 423 424 425 458 467 468 
633 565 566 588 589 613 614 615 616 619 620 621 624 625 633 644 645 646 
586 550 555 558 567 568 580 586 587 599 600 601 626 
351 280 281 282 283 284 285 286 287 288 291 306 331 341 347 348 349 350 351 352 354 355 367 368 369 370 371 372 373 383 384 385 
159 105 130 139 140 153 154 158 159 164 165 166 182 183 215 
535 465 476 477 480 483 484 486 487 497 498 499 500 505 529 530 531 532 533 534 535 536 539 540 541 544 545 548 556 563 564 577 578 579 
501 434 478 501 506 507 542 543 546 547 549 557 
554 493 494 518 519 520 521 522 523 524 525 526 527 528 537 552 553 554 560 561 562 569 570 571 572 573 574 575 576 581 582 583 584 595 596 597 605 
634 585 598 606 607 608 609 610 611 612 617 623 630 631 632 634 635 639 640 641 642 643 648 649 
655 655 656 
657 657 658 659 
661 660 661 
