7421.3
77 64 65 66 67 70 71 75 76 77 78 79 80 81 
60 1 2 9 10 11 12 13 14 15 16 17 18 19 20 21 33 36 43 49 53 56 57 58 59 60 61 62 63 68 69 72 73 74 
32 0 6 7 8 32 41 42 47 48 50 55 
126 99 100 103 104 120 121 122 123 124 125 126 127 128 137 138 150 151 156 163 174 175 176 
264 238 240 244 246 252 254 264 266 267 268 292 293 294 301 307 313 330 333 334 345 
497 456 457 475 480 483 495 496 497 498 499 504 505 525 526 527 528 529 530 531 532 533 534 535 536 539 
356 356 374 389 390 394 395 402 411 425 
82 82 88 90 91 93 
35 35 37 38 39 40 45 46 52 54 
661 659 660 661 
97 83 84 85 86 87 89 92 94 95 96 97 106 131 
5 3 4 5 22 23 24 25 26 27 28 29 30 31 34 44 51 
586 550 555 558 567 568 580 586 587 599 600 601 626 
304 224 231 241 251 253 265 290 302 303 304 305 306 310 311 312 320 321 332 342 343 344 
157 145 152 157 177 184 202 203 208 213 
134 98 101 102 107 108 109 110 111 112 113 114 115 116 117 118 119 129 132 133 134 135 136 141 142 143 144 146 147 148 149 155 160 161 162 167 168 169 170 171 178 179 180 
433 383 399 400 408 409 410 416 417 418 429 430 431 432 433 445 446 447 448 449 450 451 452 453 454 455 459 463 469 470 
229 172 173 181 192 193 194 195 196 197 198 199 200 201 209 210 211 212 214 217 222 223 229 230 239 247 248 249 250 255 256 257 263 286 287 288 289 
656 655 656 657 658 
233 185 186 187 188 189 190 191 204 205 206 207 216 218 219 220 221 225 226 227 228 232 233 234 235 236 237 242 243 245 258 259 260 261 262 269 270 271 272 273 274 275 295 
629 573 574 583 590 591 592 593 594 595 596 597 598 602 603 604 605 606 618 622 623 627 628 629 630 631 636 637 638 639 647 648 649 651 
159 105 130 139 140 153 154 158 159 164 165 166 182 183 215 
347 276 277 278 279 280 281 282 283 284 285 291 296 297 298 299 300 308 309 315 316 317 318 319 325 326 327 328 329 338 339 340 347 348 349 350 351 353 354 362 363 364 365 366 367 368 369 370 371 379 380 381 382 
375 314 322 323 324 335 336 337 346 357 358 359 360 361 375 376 377 378 387 392 396 403 404 412 422 426 427 
444 397 398 405 406 407 414 415 428 437 438 439 440 441 442 443 444 460 461 462 472 473 474 482 
479 435 436 466 471 479 481 485 488 489 502 508 509 538 
385 331 341 352 355 372 373 384 385 386 388 391 393 401 413 419 420 421 423 424 
478 434 458 464 465 467 468 476 477 478 484 486 487 500 501 506 507 540 541 542 543 545 
518 490 491 492 493 494 503 510 511 512 513 514 515 516 517 518 519 520 521 522 523 524 537 551 552 553 554 559 560 561 562 569 570 571 572 581 582 
611 544 556 563 564 575 576 577 578 579 584 585 607 608 609 610 611 612 613 614 617 632 634 635 640 641 642 643 644 
589 546 547 548 549 557 565 566 588 589 615 616 619 620 621 624 625 633 645 646 
654 650 652 653 654 
