7429.66
32 0 6 7 8 32 41 42 47 48 50 
87 55 83 84 85 86 87 89 92 94 95 96 97 106 
501 434 478 501 506 507 542 543 547 549 557 
59 1 2 9 10 11 12 13 14 15 16 17 18 19 20 21 33 36 43 49 53 56 57 58 59 60 61 62 63 68 69 70 72 73 74 75 76 
159 105 130 140 154 158 159 165 166 182 183 
297 218 219 225 226 227 233 234 235 242 243 245 258 259 260 261 262 269 270 271 272 273 274 275 276 277 278 279 280 281 282 283 284 285 291 296 297 298 299 300 308 309 315 316 317 318 319 324 325 326 327 328 329 337 338 339 340 346 347 348 353 366 
82 82 88 90 91 93 
35 35 37 38 39 40 45 46 52 54 
265 241 253 265 290 304 305 310 311 312 320 321 332 
495 446 447 448 449 450 451 452 453 454 459 463 469 470 475 493 494 495 496 497 504 505 519 520 521 522 523 524 525 526 527 528 529 530 536 537 553 554 
100 77 78 79 80 81 99 100 102 103 104 118 119 120 121 122 123 124 125 126 
633 566 588 589 614 615 616 619 620 621 624 625 633 643 644 645 646 
539 498 499 531 532 533 534 535 539 540 541 544 545 546 548 556 563 564 565 578 579 
163 127 128 137 138 139 150 151 153 156 163 164 174 175 176 214 215 
627 560 561 570 571 572 581 582 583 590 591 592 593 594 595 602 603 604 605 618 622 627 628 629 636 637 638 647 648 651 
157 152 157 177 202 
155 98 101 107 108 109 110 111 112 113 114 115 116 117 129 131 132 133 134 135 136 141 142 143 144 145 146 147 148 149 155 160 161 162 167 168 169 178 179 185 186 187 188 189 190 191 204 205 206 216 
249 209 210 211 212 217 222 223 224 229 230 231 239 247 248 249 250 251 257 263 286 287 288 289 302 303 306 
195 170 171 172 173 180 181 192 193 194 195 196 197 198 199 200 201 207 220 221 228 236 237 255 256 
356 343 344 356 374 389 390 393 394 395 401 402 411 425 
244 184 203 208 213 232 238 240 244 246 252 254 264 266 267 268 292 293 294 295 
5 3 4 5 22 23 24 25 26 27 28 29 30 31 34 44 51 64 65 66 67 71 
334 301 307 313 314 322 323 330 333 334 335 336 345 357 358 387 412 
428 359 360 361 362 363 364 365 375 376 377 378 379 380 381 382 392 396 397 398 399 403 404 405 406 407 408 409 414 415 416 417 422 426 427 428 429 435 436 437 438 439 440 441 442 443 444 445 460 461 462 473 474 
384 331 341 342 349 350 351 352 354 355 367 368 369 370 371 372 373 383 384 385 386 388 391 400 410 413 418 419 420 430 431 432 433 
467 421 423 424 455 456 457 458 464 465 467 468 476 477 480 483 484 486 487 500 
509 466 471 472 479 481 482 485 488 489 490 491 492 502 503 508 509 510 511 512 513 514 515 516 517 518 538 550 551 552 555 558 559 568 569 580 
609 562 573 574 575 576 577 584 585 596 597 598 606 607 608 609 610 611 612 613 617 623 630 631 632 634 635 639 640 641 642 649 
601 567 586 587 599 600 601 626 650 
654 652 653 654 655 
657 656 657 658 659 660 
661 661 
