7314.29
32 0 6 7 32 41 47 50 
11 1 2 8 9 10 11 12 13 14 15 16 17 18 19 33 36 42 43 48 49 53 55 56 57 
256 193 194 195 196 197 198 229 237 239 245 247 248 255 256 257 261 262 263 280 281 282 283 284 285 286 287 288 289 291 
26 3 4 5 20 21 22 23 24 25 26 27 28 29 30 31 34 44 51 64 65 66 67 71 
73 58 59 60 61 62 63 68 69 70 72 73 74 75 76 81 98 101 
652 626 650 652 653 654 
464 420 421 453 454 455 456 457 458 464 465 467 468 476 477 480 483 484 486 487 499 500 
86 83 84 85 86 87 89 92 94 95 96 97 106 
122 99 100 102 103 104 111 112 113 114 115 116 117 118 119 120 121 122 123 124 125 126 129 134 135 136 137 144 150 170 171 172 173 180 181 
159 105 130 140 153 154 158 159 164 165 166 182 183 
372 331 348 349 350 351 352 354 355 367 368 369 370 371 372 373 383 384 385 386 391 400 410 413 418 419 430 431 432 
90 77 78 79 80 82 88 90 91 93 127 128 138 139 
412 357 358 375 376 387 403 404 412 422 426 427 435 436 437 438 439 466 471 
212 151 156 163 174 175 176 199 200 201 209 210 211 212 214 215 217 222 223 224 230 231 241 249 250 251 
627 582 583 590 591 592 593 594 595 602 603 604 605 618 622 627 628 629 636 637 638 647 648 651 
157 152 157 184 202 203 208 213 
301 238 240 244 246 252 254 264 266 267 268 292 293 294 295 301 307 313 314 322 323 324 330 333 334 335 336 345 
446 398 399 405 406 407 408 409 414 415 416 417 428 429 433 440 441 442 443 444 445 446 447 448 449 450 451 452 459 460 461 462 463 469 470 474 475 493 494 
305 253 265 290 302 303 304 305 306 310 311 312 320 321 332 341 342 343 344 
338 269 270 271 272 273 274 275 276 277 278 279 296 297 298 299 300 308 309 315 316 317 318 319 325 326 327 328 329 337 338 339 340 346 347 353 359 360 361 362 363 364 365 366 377 378 379 380 381 382 392 396 397 
35 35 37 38 39 40 45 46 52 54 
411 356 374 388 389 390 393 394 395 401 402 411 423 424 425 434 
187 107 108 109 110 131 132 133 141 142 143 145 146 147 148 149 155 160 161 162 167 168 169 177 178 179 185 186 187 188 189 190 191 192 204 205 206 207 216 218 219 220 221 225 226 227 228 232 233 234 235 236 242 243 258 259 260 
516 472 473 481 482 489 490 491 492 502 503 510 511 512 513 514 515 516 517 518 519 520 521 522 523 551 552 553 559 560 561 569 570 571 572 581 
501 478 501 506 507 541 542 543 545 546 547 548 549 
555 479 485 488 508 509 538 550 555 558 567 568 580 586 587 599 600 601 
529 495 496 497 498 504 505 524 525 526 527 528 529 530 531 532 533 534 535 536 537 539 540 544 554 556 562 
589 557 564 565 566 588 589 614 615 616 619 620 621 624 625 633 644 645 646 
609 563 573 574 575 576 577 578 579 584 585 596 597 598 606 607 608 609 610 611 612 613 617 623 630 631 632 634 635 639 640 641 642 643 649 
655 655 656 
658 657 658 659 660 
661 661 
