7074.26
32 0 6 7 8 32 41 47 50 
58 1 2 9 10 11 12 13 14 15 16 17 18 19 33 36 42 43 48 49 53 55 56 57 58 59 60 61 62 68 69 72 73 
265 224 231 241 251 253 265 290 303 304 305 310 311 312 320 321 332 
661 660 661 
97 83 84 85 86 87 89 92 94 95 96 97 106 
26 3 4 5 20 21 22 23 24 25 26 27 28 29 30 31 34 44 51 63 64 65 66 67 70 71 
167 107 108 109 110 111 112 131 132 133 134 135 141 142 143 144 145 146 147 148 149 155 160 161 162 167 168 169 170 177 178 179 185 186 187 188 189 190 191 192 204 205 206 207 216 218 219 225 
52 35 37 38 39 40 45 46 52 54 82 88 
209 150 171 172 173 174 175 176 180 181 193 194 195 196 197 198 199 200 201 209 210 211 212 214 215 217 222 223 229 230 239 247 248 249 250 255 256 257 263 
397 353 359 360 361 362 363 364 365 366 375 376 377 378 379 380 381 382 392 396 397 398 399 403 404 405 406 407 408 409 414 415 416 417 428 440 441 442 443 444 
657 657 658 659 
610 576 577 578 579 584 585 597 598 606 607 608 609 610 611 612 617 631 632 634 635 640 641 642 643 649 
140 90 91 93 105 127 128 130 137 138 139 140 151 153 154 156 158 159 163 164 165 166 182 183 
463 400 410 418 429 430 431 433 445 446 447 448 449 450 451 452 453 459 460 461 462 463 469 470 475 
275 220 221 226 227 228 233 234 235 236 237 242 243 245 258 259 260 261 262 270 271 272 273 274 275 276 277 278 279 280 281 282 283 284 285 291 296 297 298 299 300 308 309 315 316 317 318 319 325 326 327 328 329 338 339 340 347 348 
202 152 157 184 202 203 208 213 238 240 246 
390 343 344 356 374 388 389 390 393 394 395 401 402 411 423 424 425 434 
268 232 244 252 254 266 267 268 269 292 293 294 295 301 307 313 314 322 323 324 336 337 346 
627 569 581 590 591 592 593 594 595 596 602 603 604 605 618 622 623 627 628 629 630 636 637 638 639 647 648 651 
345 264 330 333 334 335 345 357 358 387 412 
587 550 555 558 567 568 580 586 587 599 600 601 626 
352 286 287 288 289 302 306 331 341 342 349 350 351 352 354 355 367 368 369 370 371 372 373 383 384 385 386 391 413 
652 650 652 653 654 
464 419 420 421 432 454 455 456 457 458 464 465 467 468 476 477 478 480 483 484 486 487 500 
103 74 75 76 77 78 79 80 81 98 99 100 101 102 103 104 113 114 115 116 117 118 119 120 121 122 123 124 125 126 129 136 
479 422 426 427 435 436 437 438 439 466 471 472 479 481 482 485 488 489 502 508 509 510 538 
519 473 474 490 491 492 493 494 503 511 512 513 514 515 516 517 518 519 520 521 522 523 524 537 551 552 553 554 559 560 561 562 570 571 572 573 582 583 
530 495 496 497 498 499 504 505 525 526 527 528 529 530 531 532 533 534 535 536 574 575 
507 501 506 507 543 547 557 
564 539 540 541 542 544 545 546 548 549 556 563 564 565 566 613 614 
633 588 589 615 616 619 620 621 624 625 633 644 645 646 
655 655 656 
