7355.43
32 0 6 7 32 41 47 50 
186 141 142 145 146 147 155 167 168 178 179 185 186 187 188 189 190 191 204 205 206 216 218 219 220 221 225 226 227 228 233 234 235 236 237 242 243 
623 573 574 575 584 591 592 593 594 595 596 597 598 602 603 604 605 606 607 608 609 610 611 618 622 623 627 628 629 630 631 632 634 635 636 637 638 639 640 641 647 648 649 
12 1 2 8 9 10 11 12 13 14 15 16 17 18 19 33 36 42 43 48 49 53 55 56 57 
166 130 139 140 151 153 154 158 159 163 164 165 166 182 183 212 214 215 
37 31 35 37 38 39 40 45 46 52 54 
290 222 223 224 230 231 241 250 251 253 265 290 304 305 310 311 312 320 321 332 
313 266 267 268 269 292 293 294 295 301 307 313 314 322 323 324 330 333 334 335 336 337 345 346 359 
650 590 600 601 626 650 651 652 653 654 
180 112 113 114 115 116 117 118 119 129 134 135 136 143 144 148 149 160 161 162 169 170 171 172 173 174 175 176 180 181 192 193 194 195 196 197 198 199 200 201 207 209 210 
99 77 78 79 80 99 100 102 103 104 120 121 122 123 124 125 126 137 138 150 156 
657 657 658 659 
93 82 88 90 91 93 105 127 128 
96 83 84 85 86 87 89 92 94 95 96 97 106 107 108 109 110 111 131 132 133 
73 58 59 60 61 62 63 68 69 70 72 73 74 75 76 81 98 101 
4 3 4 5 20 21 22 23 24 25 26 27 28 29 30 34 44 51 64 65 66 67 71 
289 211 217 229 239 247 248 249 255 256 257 263 283 284 285 286 287 288 289 291 302 303 306 331 350 351 354 355 
297 245 258 259 260 261 262 270 271 272 273 274 275 276 277 278 279 280 281 282 296 297 298 299 300 308 309 315 316 317 318 319 325 326 327 328 329 338 339 340 347 348 349 353 360 361 362 363 364 365 
412 357 358 375 376 377 387 403 404 412 422 426 427 435 466 
433 366 367 368 369 370 371 379 380 381 382 383 398 399 400 408 409 410 416 417 418 429 430 431 432 433 445 446 447 448 449 450 451 452 453 454 455 456 457 459 463 469 470 
386 341 342 343 352 372 373 384 385 386 388 389 391 393 394 401 413 419 420 421 423 424 
356 344 356 374 390 395 402 411 
208 152 157 177 184 202 203 208 213 232 238 240 244 246 252 254 264 
443 378 392 396 397 405 406 407 414 415 428 436 437 438 439 440 441 442 443 444 460 461 462 471 472 473 474 481 482 489 490 502 
535 464 465 476 477 480 483 484 486 487 496 497 498 499 500 504 505 528 529 530 531 532 533 534 535 536 539 540 541 544 556 563 576 577 578 579 585 
434 425 434 458 467 468 478 501 
661 660 661 
520 475 491 492 493 494 495 503 512 513 514 515 516 517 518 519 520 521 522 523 524 525 526 527 537 551 552 553 554 560 561 562 570 571 572 582 583 
555 479 485 488 508 509 510 511 538 550 555 558 559 567 568 569 580 581 586 587 599 
557 506 507 542 543 545 546 547 548 549 557 564 565 566 588 589 
646 612 613 614 615 616 617 619 620 621 624 625 633 642 643 644 645 646 
655 655 656 
