7574.35
661 659 660 661 
50 0 6 7 32 41 47 50 86 
349 278 279 280 300 309 317 318 319 327 328 329 339 340 347 348 349 350 351 354 355 366 367 368 369 370 371 372 373 383 400 410 
33 1 2 3 8 9 10 11 12 13 14 15 16 17 18 19 20 21 22 33 36 42 43 48 49 53 56 57 58 59 60 68 69 
82 35 38 40 45 46 52 54 82 88 90 91 93 
5 4 5 23 24 25 26 27 28 29 30 31 34 37 39 44 51 
212 201 209 210 211 212 214 215 217 222 223 224 230 231 241 249 250 251 
258 216 218 219 220 221 225 226 227 228 232 233 234 235 236 242 243 258 259 260 261 267 268 269 270 271 272 273 274 275 276 277 294 295 296 297 298 299 308 
513 471 472 479 481 482 485 488 489 490 491 492 502 503 508 509 510 511 512 513 514 515 516 517 518 519 520 521 522 523 537 538 550 551 552 553 554 558 559 560 561 568 569 570 571 580 581 582 
137 99 100 104 123 124 125 126 127 128 137 138 139 150 151 153 156 163 175 176 
159 105 130 140 154 158 159 164 165 166 182 183 
89 55 83 84 85 87 89 92 94 95 96 101 
81 61 62 63 64 65 66 67 70 71 72 73 74 75 76 77 78 79 80 81 98 102 103 
171 113 114 115 116 117 118 119 120 121 122 129 136 144 149 162 169 170 171 172 173 174 180 181 192 193 194 195 196 197 198 199 200 207 
265 253 265 290 303 304 305 310 311 312 320 321 332 344 356 
167 107 108 109 110 111 112 132 133 134 135 141 142 143 146 147 148 155 160 161 167 168 178 179 185 186 187 188 189 190 191 204 205 206 
264 208 238 240 244 246 252 254 264 266 292 293 301 307 313 314 330 
256 229 237 239 245 247 248 255 256 257 262 263 281 282 283 284 285 286 287 288 289 291 302 306 
361 315 316 324 325 326 337 338 346 353 359 360 361 362 363 364 365 376 377 378 379 380 381 382 392 396 397 398 399 405 406 407 408 409 414 428 
434 411 425 434 458 478 
152 97 106 131 145 152 157 177 184 202 203 213 
387 322 323 333 334 335 336 345 357 358 375 387 403 404 412 422 426 427 435 436 437 438 466 
386 331 341 342 343 352 374 384 385 386 388 389 390 391 393 394 395 401 402 413 419 420 421 423 424 432 
586 555 567 586 587 590 599 600 601 626 
445 415 416 417 418 429 430 431 433 439 440 441 442 443 444 445 446 447 448 449 450 451 452 459 460 461 462 463 469 470 473 474 475 493 494 
498 453 454 455 456 457 464 465 467 468 476 477 480 483 484 486 487 495 496 497 498 499 504 505 524 525 526 527 528 529 530 531 532 533 534 535 536 539 
589 588 589 615 616 619 620 621 624 625 633 645 646 
542 500 501 506 507 540 541 542 543 544 545 546 547 548 549 557 563 564 565 566 
611 556 574 575 576 577 578 579 584 585 607 608 609 610 611 612 613 614 617 634 635 640 641 642 643 644 
638 562 572 573 583 591 592 593 594 595 596 597 598 602 603 604 605 606 618 622 623 627 628 629 630 631 632 636 637 638 639 647 648 649 651 
652 650 652 653 654 
656 655 656 657 658 
