7085.48
242 167 168 178 179 185 186 187 188 189 190 191 192 204 205 206 207 216 218 219 220 221 225 226 227 228 233 234 235 236 237 242 243 245 258 259 260 261 262 271 272 273 274 275 276 277 278 279 280 296 297 298 299 300 
661 659 660 661 
379 308 316 317 318 325 326 327 328 338 339 340 346 353 359 360 361 362 363 364 365 366 375 376 377 378 379 380 381 382 392 396 397 398 399 405 406 407 408 409 414 415 416 417 428 429 
345 330 333 334 335 345 357 358 387 
105 82 90 91 93 105 128 130 139 140 153 154 
182 158 159 164 165 166 182 183 214 215 223 224 230 231 241 
435 403 404 412 422 426 427 435 436 437 438 439 440 441 442 443 444 466 471 479 481 485 488 
95 83 84 85 86 87 89 92 94 95 96 97 106 107 108 131 132 133 145 146 
72 53 56 57 58 59 60 61 62 63 68 69 72 73 74 75 76 
35 31 35 37 38 39 40 45 46 52 54 
129 98 101 102 103 109 110 111 112 113 114 115 116 117 118 119 120 121 122 129 134 135 136 141 142 143 144 147 148 149 155 160 161 162 169 170 171 180 
654 650 652 653 654 
137 99 100 104 123 124 125 126 127 137 138 150 151 156 163 
202 152 157 177 184 202 203 208 213 238 240 246 264 
501 434 478 501 506 507 542 543 546 547 549 557 
80 44 51 64 65 66 67 70 71 77 78 79 80 81 88 
268 232 244 252 254 266 267 268 269 270 292 293 294 295 301 307 313 314 315 322 323 324 336 337 
23 2 3 4 5 15 16 17 18 19 20 21 22 23 24 25 26 27 28 29 30 33 34 
305 251 253 265 290 302 303 304 305 306 310 311 312 320 321 332 341 342 343 344 356 374 
420 384 385 386 388 389 390 391 393 394 395 401 402 411 413 418 419 420 421 423 424 425 430 431 432 453 454 455 456 457 458 464 465 467 468 
209 172 173 174 175 176 181 193 194 195 196 197 198 199 200 201 209 210 211 212 217 222 229 239 247 248 249 250 255 256 257 263 
350 281 282 283 284 285 286 287 288 289 291 309 319 329 331 347 348 349 350 351 352 354 355 367 368 369 370 371 372 373 383 400 410 
0 0 1 6 7 8 9 10 11 12 13 14 32 36 41 42 43 47 48 49 50 55 
470 433 445 446 447 448 449 450 451 452 459 460 461 462 463 469 470 474 475 493 494 495 496 504 
516 472 473 482 489 490 491 492 502 503 510 511 512 513 514 515 516 517 518 519 520 521 522 523 551 552 559 560 569 570 581 
535 476 477 480 483 484 486 487 497 498 499 500 505 529 530 531 532 533 534 535 536 539 540 541 544 545 548 556 563 564 578 579 
555 508 509 538 550 555 558 567 568 580 586 587 599 600 601 
573 524 525 526 527 528 537 553 554 561 562 571 572 573 574 575 576 577 582 583 584 585 594 595 596 597 598 604 605 606 607 623 630 
633 565 566 588 589 614 615 616 619 620 621 624 625 633 644 645 646 
647 590 591 592 593 602 603 618 622 626 627 628 629 636 637 638 647 648 651 
640 608 609 610 611 612 613 617 631 632 634 635 639 640 641 642 643 649 
656 655 656 657 658 
