7503
32 0 6 7 32 41 47 50 
610 556 563 574 575 576 577 578 579 584 585 597 598 606 607 608 609 610 611 612 613 617 631 632 634 635 640 641 642 643 649 
328 245 258 259 260 261 262 270 271 272 273 274 275 276 277 278 279 280 281 282 283 296 297 298 299 300 308 309 315 316 317 318 319 325 326 327 328 329 338 339 340 347 348 349 350 353 354 359 360 361 362 363 364 365 366 
420 371 372 373 384 385 386 388 391 393 401 413 419 420 421 423 424 432 454 455 456 457 458 464 465 467 468 
80 51 64 65 66 67 71 77 78 79 80 88 
356 344 356 374 389 390 394 395 402 411 
627 569 581 590 591 592 593 594 595 596 602 603 604 605 618 622 623 626 627 628 629 630 636 637 638 639 647 648 651 
157 152 157 184 202 203 208 213 
341 302 303 306 310 320 331 341 342 343 351 352 355 
26 3 4 5 20 21 22 23 24 25 26 27 28 29 30 31 34 44 
167 106 107 108 109 110 111 112 131 132 133 134 135 141 142 143 144 145 146 147 148 149 155 160 161 162 167 168 169 177 178 179 185 186 187 188 189 190 191 192 204 205 206 207 216 218 219 220 221 225 226 227 228 233 234 235 236 242 243 
73 58 59 60 61 62 63 68 69 70 72 73 74 75 76 81 98 101 
633 588 589 614 615 616 619 620 621 624 625 633 644 645 646 
257 193 194 195 196 197 198 199 200 201 209 210 211 217 229 237 239 247 248 249 250 255 256 257 263 284 285 286 287 288 289 291 
86 83 84 85 86 87 89 92 94 95 96 97 
122 99 100 102 103 104 113 114 115 116 117 118 119 120 121 122 123 124 125 126 129 136 137 150 156 170 171 172 173 174 175 176 180 181 
182 158 159 163 164 165 166 182 183 212 214 215 222 223 224 230 231 241 
412 357 358 375 376 377 387 403 404 412 422 426 427 435 436 437 438 439 440 466 471 
292 232 238 240 244 246 252 254 264 266 267 268 269 292 293 294 295 301 307 313 314 322 323 324 330 333 334 335 336 337 345 346 
290 251 253 265 290 304 305 311 312 321 332 
429 367 368 369 370 378 379 380 381 382 383 392 396 397 398 399 400 405 406 407 408 409 410 414 415 416 417 418 428 429 430 431 433 441 442 443 444 445 446 447 448 449 450 451 452 459 460 461 462 463 469 470 475 
11 1 2 8 9 10 11 12 13 14 15 16 17 18 19 33 36 42 43 48 49 53 55 56 57 
105 82 90 91 93 105 127 128 130 138 139 140 151 153 154 
434 425 434 478 
35 35 37 38 39 40 45 46 52 54 
505 453 476 477 480 483 484 486 487 495 496 497 498 499 504 505 525 526 527 528 529 530 531 532 533 534 535 536 539 540 544 
519 472 473 474 482 489 490 491 492 493 494 502 503 512 513 514 515 516 517 518 519 520 521 522 523 524 537 551 552 553 554 560 561 562 570 571 572 573 582 583 
555 479 481 485 488 508 509 510 511 538 550 555 558 559 567 568 580 586 587 599 600 601 
507 500 501 506 507 541 542 543 545 546 547 548 549 557 564 565 566 
654 650 652 653 654 
656 655 656 657 658 
661 659 660 661 
