7312.02
35 35 37 38 39 40 45 46 52 54 
28 3 4 5 20 21 22 23 24 25 26 27 28 29 30 31 34 44 51 
212 163 175 176 196 197 198 199 200 201 209 210 211 212 214 215 217 222 223 224 229 230 231 239 241 247 248 249 250 251 253 
449 400 410 418 429 430 431 432 433 445 446 447 448 449 450 451 452 453 454 455 456 459 462 463 469 470 475 493 494 495 496 497 504 505 
73 58 59 60 61 62 63 68 69 70 72 73 74 75 76 81 98 101 102 
659 657 658 659 660 661 
95 83 84 85 86 87 89 92 94 95 96 97 106 131 132 
540 476 477 480 483 484 486 487 498 499 500 531 532 533 534 535 539 540 541 542 544 545 546 548 556 563 564 565 578 579 
655 655 656 
91 82 88 90 91 93 105 128 139 
168 107 108 109 110 111 112 113 114 115 133 134 135 136 141 142 143 144 145 146 147 148 149 155 160 161 162 167 168 169 170 171 178 179 180 185 186 187 188 189 190 191 192 193 194 195 204 205 206 207 216 218 219 220 221 225 226 227 228 233 234 235 236 242 
642 610 611 612 613 614 617 619 624 634 635 640 641 642 643 644 645 
125 99 100 103 104 116 117 118 119 120 121 122 123 124 125 126 127 129 137 138 150 151 156 172 173 174 181 
574 520 521 522 523 524 525 526 527 528 529 530 536 537 553 554 561 562 572 573 574 575 576 577 583 584 585 595 596 597 598 606 607 608 609 632 
10 0 1 2 8 9 10 11 12 13 14 15 16 17 18 19 33 36 42 43 48 49 53 55 56 57 
50 6 7 32 41 47 50 
332 265 290 302 303 304 305 310 311 312 320 321 332 342 343 344 356 374 390 
159 130 140 153 154 158 159 164 165 166 182 183 
412 334 345 357 358 375 387 403 404 412 422 426 427 435 
157 152 157 177 184 202 203 208 213 
80 64 65 66 67 71 77 78 79 80 
268 232 238 240 244 246 252 254 258 264 266 267 268 269 270 271 272 292 293 294 295 296 301 307 313 314 322 323 324 330 333 335 336 337 
472 436 437 438 439 440 441 442 443 444 460 461 466 471 472 473 474 479 481 482 485 488 489 490 491 492 502 503 517 518 519 
284 237 243 245 255 256 257 259 260 261 262 263 273 274 275 276 277 278 279 280 281 282 283 284 285 286 287 288 289 291 297 298 299 300 306 309 319 331 348 349 350 351 354 355 
363 308 315 316 317 318 325 326 327 328 329 338 339 340 346 347 353 359 360 361 362 363 364 365 366 367 368 376 377 378 379 380 381 382 392 396 397 398 399 405 406 407 408 409 414 415 416 417 428 
391 341 352 369 370 371 372 373 383 384 385 386 388 389 391 393 394 401 402 413 419 420 421 423 424 457 464 465 467 
434 395 411 425 434 458 468 478 
507 501 506 507 543 547 549 557 
559 508 509 510 511 512 513 514 515 516 538 550 551 552 555 558 559 560 567 568 569 570 571 580 581 582 590 591 592 
636 593 594 602 603 604 605 618 622 623 627 628 629 630 631 636 637 638 639 647 648 649 651 
589 566 588 589 615 616 620 621 625 633 646 
650 586 587 599 600 601 626 650 652 653 654 
