7540.31
32 0 6 7 8 32 41 47 50 
37 31 35 37 38 39 40 45 46 52 54 
290 251 253 265 290 304 305 310 311 312 320 321 332 
4 3 4 5 17 18 19 20 21 22 23 24 25 26 27 28 29 30 34 63 
92 83 84 86 87 92 94 95 96 97 
58 1 2 9 10 11 12 13 14 15 16 33 36 42 43 48 49 53 55 56 57 58 59 60 61 62 68 69 72 73 85 89 
657 657 658 659 
93 82 88 90 91 93 105 127 128 130 139 140 
638 591 592 593 594 595 596 597 598 602 603 604 605 606 607 618 622 623 627 628 629 630 631 632 636 637 638 639 647 648 649 651 
356 343 344 356 374 388 389 390 393 394 395 401 402 411 424 425 
121 98 99 100 101 102 103 104 112 113 114 115 116 117 118 119 120 121 122 123 124 125 126 129 134 135 136 137 138 143 144 150 156 
259 187 188 189 204 205 206 216 218 219 220 221 225 226 227 228 233 234 235 236 237 242 243 245 258 259 260 261 262 270 271 272 273 274 275 276 277 278 279 280 281 282 296 297 298 299 300 308 309 315 316 317 318 319 325 326 327 328 329 
466 403 404 412 422 426 427 435 436 437 438 439 440 441 442 443 444 466 471 472 479 481 482 485 488 489 502 508 509 
194 148 149 160 161 162 169 170 171 172 173 174 175 176 178 179 180 181 190 191 192 193 194 195 196 197 198 199 200 201 207 209 210 211 217 229 
652 650 652 653 654 
182 151 153 154 158 159 163 164 165 166 182 183 212 214 215 222 223 224 230 231 241 
578 529 530 531 532 533 534 535 536 539 540 544 556 563 564 565 574 575 576 577 578 579 584 585 608 609 610 611 612 613 617 634 635 640 641 
202 157 184 202 203 208 213 238 240 246 
501 434 478 500 501 506 507 541 542 543 545 546 547 548 549 557 
289 239 247 248 249 250 255 256 257 263 283 284 285 286 287 288 289 291 302 303 306 331 341 342 
334 264 330 333 334 335 345 357 358 375 387 
146 106 107 108 109 110 111 131 132 133 141 142 145 146 147 152 155 167 168 177 185 186 
381 338 339 340 347 353 359 360 361 362 363 364 365 366 376 377 378 379 380 381 382 392 396 397 398 399 405 406 407 408 409 414 415 416 417 428 429 433 445 446 
655 655 656 
373 348 349 350 351 352 354 355 367 368 369 370 371 372 373 383 384 385 386 391 400 410 413 418 
80 44 51 64 65 66 67 70 71 74 75 76 77 78 79 80 81 
268 232 244 252 254 266 267 268 269 292 293 294 295 301 307 313 314 322 323 324 336 337 346 
456 419 420 421 423 430 431 432 447 448 449 450 451 452 453 454 455 456 457 458 459 463 464 465 467 468 476 477 480 483 484 486 487 496 497 498 499 504 505 
519 460 461 462 469 470 473 474 475 490 491 492 493 494 495 503 510 511 512 513 514 515 516 517 518 519 520 521 522 523 524 525 526 527 528 537 551 552 553 554 559 560 561 562 569 570 571 572 573 581 582 583 
587 538 550 555 558 567 568 580 586 587 590 599 600 601 626 
633 566 588 589 614 615 616 619 620 621 624 625 633 642 643 644 645 646 
661 660 661 
