7379.43
661 659 660 661 
50 0 6 7 32 41 47 50 
633 588 589 614 615 616 619 620 621 624 625 633 644 645 646 
257 193 194 195 217 229 239 247 248 249 255 256 257 263 282 283 284 285 286 287 288 289 291 302 303 306 331 
65 4 5 22 23 24 25 26 27 28 29 30 34 44 51 61 62 63 64 65 66 67 70 71 72 73 74 75 76 77 78 79 80 81 
554 516 517 518 519 520 521 522 523 524 525 526 527 528 536 537 552 553 554 560 561 562 570 571 572 573 574 575 576 582 583 584 595 596 597 
460 396 397 405 406 407 408 409 414 415 416 417 428 429 439 440 441 442 443 444 445 446 447 448 449 450 460 461 462 463 469 470 472 473 474 475 482 490 491 492 493 494 503 
118 98 99 100 101 102 103 104 110 111 112 113 114 115 116 117 118 119 120 121 122 123 124 129 134 135 136 141 142 143 144 147 148 149 155 160 161 162 169 170 171 180 
89 55 84 85 89 95 96 107 108 109 132 133 
371 341 348 349 350 351 352 354 355 367 368 369 370 371 372 373 383 384 400 410 413 418 430 431 432 433 
105 88 90 91 93 105 127 128 130 139 140 153 154 158 159 164 165 166 
387 322 323 333 334 335 336 345 357 358 375 376 377 387 403 404 412 422 
152 106 131 145 146 152 157 177 184 202 203 213 
14 1 2 3 8 9 10 11 12 13 14 15 16 17 18 19 20 21 33 36 42 43 48 49 53 56 57 58 59 60 68 69 
176 125 126 137 138 150 151 156 163 172 173 174 175 176 181 196 197 198 199 200 201 209 210 211 212 
38 31 35 37 38 39 40 45 46 52 54 82 
242 167 168 178 179 185 186 187 188 189 190 191 192 204 205 206 207 216 218 219 220 221 225 226 227 228 232 233 234 235 236 237 242 243 245 258 259 260 261 262 272 273 274 275 276 277 278 279 280 281 
241 182 183 214 215 222 223 224 230 231 241 250 251 253 265 290 304 305 
356 310 311 312 320 321 332 342 343 344 356 374 389 390 395 402 411 
338 269 270 271 295 296 297 298 299 300 308 309 315 316 317 318 319 324 325 326 327 328 329 337 338 339 340 346 347 353 359 360 361 362 363 364 365 366 378 379 380 381 382 392 398 399 
264 208 238 240 244 246 252 254 264 266 267 268 292 293 294 301 307 313 314 330 
499 451 452 453 454 455 459 464 476 477 480 483 484 486 487 495 496 497 498 499 500 504 505 529 530 531 532 533 534 535 
656 655 656 657 658 
92 83 86 87 92 94 97 
421 385 386 388 391 393 394 401 419 420 421 423 424 425 456 457 458 465 467 468 
466 426 427 435 436 437 438 466 471 479 481 485 
501 434 478 501 506 507 542 543 547 557 
538 488 489 502 508 509 510 511 512 513 514 515 538 550 551 555 558 559 567 568 580 586 587 599 
563 539 540 541 544 545 546 548 549 556 563 564 565 566 577 578 579 585 612 613 
627 569 581 590 591 592 593 594 602 603 604 605 618 622 627 628 629 636 637 638 647 648 651 
634 598 606 607 608 609 610 611 617 623 630 631 632 634 635 639 640 641 642 643 649 
652 600 601 626 650 652 653 654 
