3166.86
411 411 
129 88 112 129 
1 1 2 3 4 16 17 18 19 40 41 42 43 53 54 55 63 64 65 73 74 75 85 
277 249 277 278 279 280 281 289 290 291 298 302 303 309 317 
410 393 410 
363 363 372 373 374 375 376 399 400 
269 220 221 226 227 228 242 243 244 245 246 255 256 257 258 259 267 268 269 272 273 274 284 
238 212 213 215 236 238 240 251 252 254 
97 49 50 58 59 60 69 70 87 95 96 97 134 135 136 
38 0 14 15 38 39 52 61 62 71 72 76 84 
127 86 92 98 99 123 124 125 126 127 128 148 149 150 
8 5 6 7 8 9 10 20 21 22 23 24 25 26 27 28 29 30 31 44 51 66 77 78 79 
196 164 165 169 170 191 192 193 194 195 196 197 198 199 200 201 207 209 210 211 218 222 223 234 
117 89 90 91 103 104 105 106 107 108 109 110 113 114 115 116 117 118 119 120 121 122 137 138 141 142 143 144 145 146 147 152 153 
156 139 140 151 155 156 166 171 
177 154 157 158 159 168 175 176 177 178 179 202 203 204 217 219 225 
130 93 94 100 101 102 111 130 131 132 133 
271 237 265 266 270 271 276 286 304 310 311 
325 325 326 345 364 
184 160 161 162 180 181 182 183 184 185 186 187 188 189 190 205 206 
295 282 283 292 293 294 295 318 323 324 
12 11 12 13 32 33 34 35 36 37 45 46 47 48 56 57 67 68 80 81 82 83 
247 230 231 232 233 247 248 260 261 262 263 264 275 287 288 
341 296 297 300 301 306 307 308 314 315 316 320 335 336 337 338 339 340 341 342 343 344 358 359 360 361 362 371 
329 285 299 305 312 313 319 322 329 330 331 332 333 334 350 351 352 353 354 355 356 357 365 
208 163 167 172 173 174 208 214 216 224 229 235 239 241 250 253 
349 321 327 328 346 347 348 349 366 367 
405 368 369 370 377 378 379 380 381 384 385 386 392 394 395 405 406 407 417 418 
420 382 383 387 388 396 397 398 402 408 409 415 419 420 421 422 
416 389 390 391 401 403 404 412 413 414 416 
