3100.66
411 376 400 411 
176 154 157 158 159 168 175 176 177 178 179 180 202 203 
60 49 50 58 59 60 69 70 87 95 96 97 
290 277 278 279 280 281 282 283 289 290 291 292 298 302 303 308 309 316 317 
325 325 326 345 364 366 
43 1 2 3 4 5 6 7 16 17 18 19 20 21 22 41 42 43 53 54 55 63 64 65 73 74 75 85 91 110 
216 163 167 172 173 174 208 214 216 217 219 224 225 229 235 237 239 241 250 253 
111 56 67 68 79 80 81 82 94 100 101 102 111 130 131 132 133 
420 372 373 382 383 387 388 395 396 397 398 399 402 408 409 415 419 420 421 422 
138 88 89 90 103 104 105 106 107 108 109 112 113 114 115 116 117 118 119 120 121 122 129 137 138 141 142 143 144 145 146 147 152 153 
0 0 14 15 38 39 40 52 61 62 71 72 76 84 
9 8 9 10 23 24 25 26 27 28 29 30 31 32 44 66 
150 148 149 150 160 161 162 183 184 185 186 187 
12 11 12 13 33 34 35 36 37 45 46 47 48 57 83 
164 164 165 169 170 193 194 195 196 
353 329 330 331 332 350 351 352 353 354 355 356 357 365 368 369 370 377 378 379 380 381 384 385 386 394 
212 197 198 199 200 201 210 211 212 213 215 236 
233 188 189 190 191 192 207 209 218 222 223 231 232 233 234 247 248 249 262 263 264 
327 312 321 327 328 346 347 348 349 367 
271 242 265 266 267 268 270 271 272 276 286 304 310 311 
99 51 77 78 86 92 93 98 99 123 124 125 126 127 128 
240 238 240 251 252 254 
287 274 275 285 287 288 296 299 300 305 306 313 314 319 320 322 
323 293 294 295 318 323 324 363 374 375 
245 181 182 204 205 206 220 221 226 227 228 230 243 244 245 246 255 256 257 258 259 260 261 269 273 284 
151 134 135 136 139 140 151 155 156 166 171 
339 297 301 307 315 333 334 335 336 337 338 339 340 341 342 343 344 358 359 360 361 362 371 
414 389 390 391 401 403 404 412 413 414 416 
418 392 405 406 407 417 418 
410 393 410 
