3038.75
60 13 48 49 50 58 59 60 69 70 87 95 96 97 
137 88 103 104 112 113 114 115 116 117 129 137 138 142 143 144 145 146 147 153 
274 258 259 260 261 272 273 274 275 284 285 287 296 299 300 305 312 313 319 
321 270 271 286 304 310 311 321 325 326 327 328 345 346 347 348 349 364 
17 1 2 3 4 16 17 18 19 20 21 41 42 43 54 55 65 
8 5 6 7 8 9 22 23 24 25 26 27 28 
169 164 165 169 170 192 193 194 195 196 197 207 
163 163 167 172 208 214 
221 180 181 203 204 205 206 220 221 226 227 228 243 244 245 246 257 269 
33 10 11 12 29 30 31 32 33 34 35 36 37 44 45 46 47 56 57 66 67 68 80 81 82 83 
217 173 174 175 176 202 216 217 219 224 225 237 242 255 256 265 266 267 268 
0 0 14 15 38 39 40 52 61 62 71 72 76 84 
159 141 148 149 152 154 157 158 159 160 161 162 168 177 178 179 
253 229 235 239 241 250 253 276 
99 51 77 78 79 86 92 93 94 98 99 125 126 127 128 
110 53 63 64 73 74 75 85 89 90 91 105 106 107 108 109 110 118 119 120 121 122 123 124 
413 366 367 389 390 391 401 403 404 412 413 414 416 
131 100 101 102 111 130 131 132 133 
140 134 135 136 139 140 151 155 156 
187 150 182 183 184 185 186 187 188 189 190 191 230 231 
354 322 329 330 331 332 333 334 350 351 352 353 354 355 356 357 358 359 365 368 369 370 377 378 379 380 381 384 385 386 394 407 
213 166 171 198 199 200 201 211 212 213 215 236 238 240 251 252 254 
249 209 210 218 222 223 232 233 234 247 248 249 262 263 264 
341 288 297 301 302 306 307 308 314 315 316 320 335 336 337 338 339 340 341 342 343 344 360 361 362 371 372 
291 277 278 279 280 281 282 283 289 290 291 292 293 294 298 303 309 317 
324 295 318 323 324 363 374 375 
420 373 382 383 387 388 395 396 397 398 399 402 408 409 415 419 420 421 422 
411 376 400 411 
417 392 405 406 417 418 
410 393 410 
