3013.17
0 0 14 15 38 39 61 71 76 
276 241 253 270 271 276 286 304 310 325 
64 1 2 3 4 16 40 41 42 52 53 54 62 63 64 65 72 73 74 75 84 85 88 89 90 91 103 104 105 106 107 
202 175 176 177 202 217 219 220 224 225 226 227 237 242 
13 12 13 34 35 36 37 45 46 47 48 49 50 57 58 59 60 69 70 83 87 95 
98 77 86 92 98 99 126 127 128 
140 96 97 132 133 134 135 136 139 140 151 155 156 
324 282 292 293 294 295 318 323 324 363 374 375 
411 376 400 411 
129 112 129 
100 56 66 67 68 78 79 80 81 82 93 94 100 101 102 111 130 131 
147 113 114 115 137 138 142 143 144 145 146 147 153 167 
197 164 165 166 169 170 171 192 193 194 195 196 197 198 199 200 201 207 209 210 211 212 213 218 223 234 
9 8 9 10 11 24 25 26 27 28 29 30 31 32 33 44 
285 245 246 258 259 260 261 274 275 285 287 299 305 313 
120 108 109 110 116 117 118 119 120 121 122 123 124 125 141 
308 277 278 279 280 281 288 289 290 291 297 298 301 302 303 307 308 309 315 316 317 340 341 342 343 344 362 
168 148 149 150 152 154 157 158 159 160 161 162 168 178 179 180 203 204 205 
20 5 6 7 17 18 19 20 21 22 23 43 51 55 
208 163 172 173 174 208 214 216 229 235 239 250 
185 181 182 183 184 185 186 187 188 189 190 191 206 221 228 230 
348 311 321 326 327 328 345 346 347 348 349 364 366 367 389 
254 215 236 238 240 251 252 254 283 
264 222 231 232 233 247 248 249 262 263 264 
272 243 244 255 256 257 265 266 267 268 269 272 273 284 312 
334 296 300 306 314 319 320 322 329 330 331 332 333 334 335 336 337 338 339 355 356 357 358 359 360 361 370 
378 350 351 352 353 354 365 368 369 377 378 379 380 381 384 385 386 392 394 405 406 407 417 418 
419 371 372 373 382 383 387 388 395 396 397 398 399 402 408 409 415 419 420 421 422 
416 390 391 401 403 404 412 413 414 416 
410 393 410 
