3085.83
38 0 14 15 38 39 40 52 61 62 71 72 76 84 
372 343 344 361 362 363 371 372 373 374 382 383 387 388 396 397 398 399 402 408 409 415 419 420 421 422 
137 88 103 104 112 113 114 115 116 117 129 137 138 142 143 144 145 146 147 153 
321 270 286 304 310 311 321 325 326 327 328 345 346 347 348 349 364 366 
410 393 410 
128 86 92 98 99 124 125 126 127 128 149 150 
44 8 9 10 11 24 25 26 27 28 29 30 31 32 33 34 44 56 66 67 77 78 79 80 81 93 94 
110 53 63 64 65 73 74 75 85 89 90 91 105 106 107 108 109 110 118 119 120 121 122 123 
156 139 140 151 155 156 166 171 
13 12 13 35 36 37 45 46 47 48 49 50 57 68 83 
154 141 148 152 154 157 158 159 160 168 176 177 178 
163 163 167 172 208 214 
192 164 169 186 187 188 189 190 191 192 193 194 195 207 209 222 233 
211 165 170 196 197 198 199 200 201 210 211 212 213 218 223 234 236 
280 277 278 279 280 281 282 283 289 290 291 292 293 294 298 302 303 308 309 316 317 
219 173 174 175 202 216 217 219 224 225 237 242 265 266 267 
240 215 238 240 251 252 254 
206 161 162 179 180 181 182 183 184 185 203 204 205 206 220 221 226 227 228 230 243 244 245 246 
18 1 2 3 4 5 6 7 16 17 18 19 20 21 22 23 41 42 43 51 54 55 
253 229 235 239 241 250 253 276 
262 231 232 247 248 249 262 263 264 288 
97 58 59 60 69 70 87 95 96 97 134 135 136 
285 258 259 260 261 274 275 285 287 299 305 313 319 
131 82 100 101 102 111 130 131 132 133 
272 255 256 257 268 269 271 272 273 284 312 
324 295 318 323 324 375 
335 296 297 300 301 306 307 314 315 320 322 329 330 331 332 333 334 335 336 337 338 339 340 341 342 353 354 355 356 357 358 359 360 370 
405 350 351 352 365 368 369 377 378 379 380 381 384 385 386 392 394 395 405 406 407 417 418 
416 367 389 390 391 401 403 404 412 413 414 416 
411 376 400 411 
