3172
211 165 170 195 196 197 198 199 200 201 209 210 211 212 213 218 223 234 236 
48 11 12 13 34 35 36 37 45 46 47 48 49 50 56 57 58 59 60 67 68 69 70 81 82 83 87 95 96 97 
76 0 14 38 39 52 61 62 71 72 76 84 
130 80 100 101 102 111 130 131 132 133 
112 88 89 103 104 105 106 112 113 114 115 129 137 138 142 
26 5 6 7 8 9 10 21 22 23 24 25 26 27 28 29 30 31 32 33 44 66 78 79 
167 144 145 146 147 153 163 167 172 173 174 214 
121 90 91 107 108 109 110 116 117 118 119 120 121 122 123 124 125 141 143 152 
190 164 169 185 186 187 188 189 190 191 192 193 194 207 
151 134 135 136 139 140 151 155 156 166 171 
243 178 203 204 205 220 221 226 227 228 243 244 245 246 255 256 257 258 259 269 
312 272 273 284 312 327 328 
162 148 149 150 154 157 158 159 160 161 162 168 179 180 181 182 183 184 206 
324 293 294 295 318 323 324 363 375 
277 277 278 279 280 281 282 283 289 290 291 292 297 298 302 303 308 309 316 317 
219 175 176 177 202 216 217 219 224 225 237 242 265 266 267 268 
333 300 301 306 307 313 314 315 319 320 322 329 330 331 332 333 334 335 336 337 338 339 340 341 350 351 352 353 354 355 356 357 358 359 360 365 368 369 370 
4 1 2 3 4 15 16 17 18 19 20 40 41 42 43 53 54 63 64 65 73 74 75 85 
98 51 55 77 86 92 93 94 98 99 126 127 128 
239 208 229 235 239 241 250 253 276 
285 260 261 274 275 285 287 296 299 305 
240 215 238 240 251 252 254 
263 222 230 231 232 233 247 248 249 262 263 264 288 
415 373 374 398 399 400 408 409 415 419 420 421 422 
321 270 271 286 304 310 311 321 325 326 345 346 347 348 349 364 
382 342 343 344 361 362 371 372 380 381 382 383 386 387 388 394 395 396 397 402 407 
413 366 367 389 390 391 401 403 404 412 413 414 416 
411 376 411 
417 377 378 379 384 385 392 405 406 417 418 
410 393 410 
