3088.45
130 100 101 102 111 130 131 132 133 
38 0 14 15 38 39 52 61 62 71 72 76 84 
32 9 10 11 12 27 28 29 30 31 32 33 34 35 36 37 44 45 46 56 57 66 67 68 78 79 80 81 82 83 
50 13 47 48 49 50 58 59 60 69 70 87 95 96 97 
151 134 135 136 139 140 151 155 156 166 171 
121 105 106 107 108 109 110 116 117 118 119 120 121 122 123 124 125 141 152 
239 229 235 239 241 250 253 276 
145 113 114 115 137 138 142 143 144 145 146 147 153 
98 77 86 92 93 94 98 99 126 127 128 
7 5 6 7 8 19 20 21 22 23 24 25 26 51 
160 148 149 150 154 157 158 159 160 161 162 168 177 178 179 180 181 182 183 203 204 205 
252 213 215 236 238 240 251 252 254 
321 270 271 286 304 310 311 321 325 326 345 346 347 348 349 364 366 
360 335 336 337 338 339 340 353 354 355 356 357 358 359 360 361 362 369 370 371 381 382 387 395 
172 163 167 172 173 174 175 202 208 214 216 217 224 
312 284 312 327 328 
218 194 195 196 197 198 199 200 201 207 209 210 211 212 218 222 223 232 233 234 248 249 
164 164 165 169 170 191 192 193 
255 176 219 220 225 226 227 237 242 243 244 255 256 257 265 266 267 268 269 272 273 
42 1 2 3 4 16 17 18 40 41 42 43 53 54 55 63 64 65 73 74 75 85 89 90 91 
230 184 185 186 187 188 189 190 206 221 228 230 231 245 246 247 258 259 260 261 262 263 264 
324 283 293 294 295 318 323 324 363 374 375 
319 274 275 285 287 288 296 299 300 305 306 313 314 319 320 322 329 330 331 332 333 334 
411 376 400 411 
129 88 103 104 112 129 
317 277 278 279 280 281 282 289 290 291 292 297 298 301 302 303 307 308 309 315 316 317 341 342 343 344 
405 350 351 352 365 368 377 378 379 380 384 385 386 392 394 405 406 407 417 418 
416 367 389 390 391 401 403 404 412 413 414 416 
420 372 373 383 388 396 397 398 399 402 408 409 415 419 420 421 422 
410 393 410 
