3119.81
38 0 14 15 38 39 52 61 62 71 72 76 84 
411 411 
176 175 176 177 178 179 202 203 204 220 226 
312 272 273 284 312 327 328 
9 5 6 7 8 9 10 11 23 24 25 26 27 28 29 30 31 32 33 44 66 78 
374 363 373 374 375 376 399 400 
92 21 22 51 55 77 86 92 98 99 124 125 126 127 128 
417 392 405 406 417 418 
276 239 241 253 270 271 276 
4 1 2 3 4 16 17 18 19 20 40 41 42 43 53 
224 172 173 174 208 214 216 217 219 224 225 229 235 237 242 250 255 265 266 267 268 
111 56 57 67 68 79 80 81 82 83 93 94 100 101 102 111 130 131 132 133 
13 12 13 34 35 36 37 45 46 47 48 49 50 58 59 60 69 70 87 95 
295 282 283 292 293 294 295 318 323 324 
140 96 97 134 135 136 139 140 151 155 156 
163 163 167 
160 148 149 150 152 154 157 158 159 160 161 162 168 180 181 182 183 184 185 186 205 206 
419 382 383 387 388 395 396 397 398 402 408 409 415 419 420 421 422 
137 88 103 104 112 113 114 115 116 129 137 138 142 143 144 145 146 147 153 
321 286 304 310 311 321 325 326 345 346 347 348 349 364 366 
109 54 63 64 65 73 74 75 85 89 90 91 105 106 107 108 109 110 117 118 119 120 121 122 123 141 
344 308 316 317 337 338 339 340 341 342 343 344 361 362 371 372 
194 164 165 169 170 187 188 189 190 191 192 193 194 195 196 197 198 199 207 209 210 211 218 222 223 231 232 233 234 
215 166 171 200 201 212 213 215 236 238 240 251 252 254 
258 221 227 228 230 243 244 245 246 247 256 257 258 259 260 261 269 274 275 285 
277 248 249 264 277 278 279 280 281 289 290 291 298 302 303 309 
296 262 263 287 288 296 297 299 300 301 305 306 307 313 314 315 319 320 322 335 336 
354 329 330 331 332 333 334 350 351 352 353 354 355 356 357 358 359 360 365 368 369 370 377 378 379 380 381 384 385 386 394 407 
416 367 389 390 391 401 403 404 412 413 414 416 
410 393 410 
