3006.25
421 382 383 387 388 396 397 398 402 408 409 415 419 420 421 422 
186 181 182 183 184 185 186 187 188 189 190 191 231 
32 9 10 11 12 27 28 29 30 31 32 33 34 35 36 37 44 45 46 56 57 67 68 
76 0 14 38 39 52 61 62 71 72 76 84 88 129 
239 229 235 239 241 250 253 276 
145 112 113 114 115 137 138 142 143 144 145 146 147 153 
2 1 2 3 4 15 16 17 40 41 42 43 53 
49 13 47 48 49 50 58 59 60 69 70 83 87 95 96 97 
108 54 63 64 65 73 74 75 85 89 90 91 103 104 105 106 107 108 109 110 116 117 118 119 120 121 122 
100 66 78 79 80 81 82 93 94 100 101 102 111 
168 141 148 152 154 157 158 159 160 161 162 168 175 176 177 178 179 180 203 204 205 206 
215 155 156 166 171 199 200 201 211 212 213 215 236 238 240 251 252 254 
169 164 165 169 170 192 193 194 195 196 197 198 207 209 210 
248 218 222 223 232 233 234 247 248 249 262 263 264 289 
340 288 296 297 298 300 301 302 303 306 307 308 309 314 315 316 317 320 335 336 337 338 339 340 341 342 343 344 358 359 360 361 362 371 
127 92 98 99 123 124 125 126 127 128 149 150 
7 5 6 7 8 18 19 20 21 22 23 24 25 26 51 55 77 86 
242 202 217 219 224 225 226 237 242 255 256 257 265 266 267 268 269 271 272 273 284 
136 136 139 140 151 
172 163 167 172 173 174 208 214 216 
259 220 221 227 228 230 243 244 245 246 258 259 260 261 274 275 285 287 
329 299 305 312 313 319 322 328 329 330 331 332 333 334 350 351 352 353 354 355 356 357 365 
282 277 278 279 280 281 282 283 290 291 292 293 294 295 318 
133 130 131 132 133 134 135 
321 270 286 304 310 311 321 325 326 327 345 346 347 348 349 364 366 
410 393 410 
363 323 324 363 372 373 374 375 376 399 400 
416 367 389 390 391 401 403 404 412 413 414 416 
406 368 369 370 377 378 379 380 381 384 385 386 392 394 395 405 406 407 417 418 
411 411 
