3022.25
50 13 48 49 50 58 59 60 69 70 87 95 96 97 
17 1 2 3 4 16 17 18 19 20 21 41 42 43 54 55 65 
8 5 6 7 8 9 22 23 24 25 26 27 28 
169 164 165 169 170 188 189 190 191 192 193 194 195 196 207 209 
33 10 11 12 29 30 31 32 33 34 35 36 37 44 45 46 47 56 57 66 67 68 80 81 82 83 
108 53 63 64 73 74 75 84 85 88 89 90 91 103 104 105 106 107 108 109 110 116 117 118 119 120 121 122 123 
131 100 101 102 111 130 131 132 133 
240 238 240 251 252 254 
99 51 77 78 79 86 92 93 94 98 99 124 125 126 127 128 
421 388 397 398 399 402 408 409 415 419 420 421 422 
139 134 135 136 139 140 151 155 156 
161 148 149 150 152 154 157 158 159 160 161 162 168 177 178 179 180 181 182 183 184 185 186 187 203 204 205 206 
0 0 14 15 38 39 40 52 61 62 71 72 76 
172 163 167 172 173 174 208 214 216 
242 175 176 202 217 219 224 225 226 237 242 255 256 257 265 266 267 268 269 271 
248 218 222 223 231 232 233 234 247 248 249 262 263 264 
411 376 400 411 
317 277 278 279 280 281 282 289 290 291 292 297 298 301 302 303 307 308 309 315 316 317 344 
212 166 171 197 198 199 200 201 210 211 212 213 215 236 
259 220 221 227 228 230 243 244 245 246 258 259 260 261 274 275 285 
145 112 113 114 115 129 137 138 141 142 143 144 145 146 147 153 
239 229 235 239 241 250 253 276 
321 270 286 304 310 311 321 325 326 345 346 347 348 349 364 366 
406 368 369 370 377 378 379 380 381 384 385 386 392 394 395 405 406 407 417 418 
312 272 273 284 312 327 328 
324 283 293 294 295 318 323 324 363 374 375 
416 367 389 390 391 401 403 404 412 413 414 416 
322 287 288 296 299 300 305 306 313 314 319 320 322 329 330 331 332 333 334 335 336 337 350 351 352 353 354 355 356 357 365 
361 338 339 340 341 342 343 358 359 360 361 362 371 372 373 382 383 387 396 
410 393 410 
