3121.88
11 9 10 11 12 29 30 31 32 33 34 35 36 37 44 45 46 47 56 57 
0 0 14 15 38 39 40 52 61 62 71 72 76 84 
253 229 235 239 241 250 253 276 
123 91 108 109 110 119 120 121 122 123 124 125 126 127 141 148 152 
77 8 23 24 25 26 27 28 51 66 77 78 79 86 92 93 98 99 
169 164 165 169 170 192 193 194 195 
379 350 351 352 353 354 365 368 369 370 377 378 379 380 381 384 385 386 392 394 395 405 406 407 417 418 
50 13 48 49 50 58 59 60 69 70 87 95 96 97 
238 201 212 213 215 236 238 240 251 252 254 
284 255 256 257 269 272 273 274 275 284 312 
150 128 149 150 160 161 162 
219 173 174 175 176 202 216 217 219 224 225 237 242 265 266 267 268 
288 285 287 288 289 296 297 300 301 306 307 308 314 315 
139 133 134 135 136 139 140 151 155 156 166 171 
372 341 342 343 344 361 362 363 371 372 373 374 382 383 387 388 396 397 398 399 402 408 409 415 419 420 421 422 
231 186 187 188 189 190 191 230 231 232 247 261 262 263 264 
17 1 2 3 4 5 6 7 16 17 18 19 20 21 22 41 42 43 53 54 55 63 64 65 73 74 75 85 
111 67 68 80 81 82 83 94 100 101 102 111 130 131 132 
205 157 158 159 168 177 178 179 180 181 182 183 184 185 203 204 205 206 220 221 226 227 228 243 244 245 246 258 259 260 
163 163 167 172 208 214 
411 376 400 411 
129 88 112 129 
223 196 197 198 199 200 207 209 210 211 218 222 223 233 234 248 249 
321 270 271 286 304 310 311 321 325 326 327 328 345 346 347 348 349 364 366 
138 89 90 103 104 105 106 107 113 114 115 116 117 118 137 138 142 143 144 145 146 147 153 154 
279 277 278 279 280 281 282 283 290 291 292 293 298 302 303 309 316 317 
324 294 295 318 323 324 375 
333 299 305 313 319 320 322 329 330 331 332 333 334 335 336 337 338 339 340 355 356 357 358 359 360 
416 367 389 390 391 401 403 404 412 413 414 416 
410 393 410 
