3211.37
99 77 78 86 92 93 98 99 127 128 
76 14 38 61 62 71 72 76 84 
1 0 1 2 3 4 15 16 17 39 40 41 42 43 52 53 
417 392 405 406 417 418 
276 229 235 239 241 250 253 270 271 276 286 304 310 325 
323 282 283 292 293 294 295 318 323 324 363 374 375 
111 66 67 68 79 80 81 82 83 94 100 101 102 111 130 131 132 133 
50 13 48 49 50 58 59 60 69 70 87 95 96 97 
149 124 125 126 148 149 150 152 154 157 158 159 160 161 162 168 
11 10 11 12 29 30 31 32 33 34 35 36 37 44 45 46 47 56 57 
151 134 135 136 139 140 151 155 156 166 171 
351 328 329 330 331 350 351 352 353 354 365 368 377 378 379 384 385 
163 153 163 167 172 208 214 
232 187 188 189 190 191 192 207 209 218 222 223 231 232 233 234 247 248 249 262 263 264 
23 5 6 7 8 9 18 19 20 21 22 23 24 25 26 27 28 51 55 
164 164 165 169 170 193 194 195 196 
254 238 240 251 252 254 
348 311 321 326 327 345 346 347 348 349 364 366 367 389 
108 54 63 64 65 73 74 75 85 89 90 91 104 105 106 107 108 109 110 116 117 118 119 120 121 122 123 141 
202 173 174 175 176 177 178 202 216 217 219 224 225 226 237 242 255 256 257 265 266 267 268 
112 88 103 112 113 114 115 129 137 138 142 143 144 145 146 147 
206 179 180 181 182 183 184 185 186 203 204 205 206 220 221 227 228 230 243 244 245 246 
298 277 278 279 280 281 288 289 290 291 297 298 301 302 303 307 308 309 315 316 317 342 343 344 
212 197 198 199 200 201 210 211 212 213 215 236 
274 258 259 260 261 269 272 273 274 275 284 285 287 296 299 300 305 306 312 313 314 319 
360 320 322 332 333 334 335 336 337 338 339 340 341 355 356 357 358 359 360 361 362 369 370 371 380 381 382 386 387 394 395 396 407 
422 372 373 383 388 397 398 399 402 408 409 415 419 420 421 422 
411 376 400 411 
416 390 391 401 403 404 412 413 414 416 
410 393 410 
