3167.1
0 0 14 15 38 39 40 52 61 62 71 72 76 
411 411 
129 112 129 
28 8 9 10 11 23 24 25 26 27 28 29 30 31 32 33 44 56 66 77 78 79 80 93 94 
17 1 2 3 4 5 6 7 16 17 18 19 20 21 22 41 42 43 51 54 55 65 75 
312 272 273 284 312 327 328 
130 67 81 100 101 102 111 130 131 132 133 
199 155 164 165 166 169 170 171 195 196 197 198 199 200 201 210 211 212 213 215 236 238 
245 203 204 205 220 221 226 227 228 243 244 245 246 258 259 260 261 269 274 275 285 
126 86 92 98 99 122 123 124 125 126 127 128 149 150 
172 163 167 172 173 174 208 214 216 
253 229 235 239 241 250 253 276 
159 141 148 152 154 157 158 159 160 161 162 168 175 176 177 178 179 180 
136 97 134 135 136 139 140 151 156 
331 299 305 313 319 322 329 330 331 332 333 334 335 336 337 338 339 350 351 352 353 354 355 356 357 365 368 
232 191 192 193 194 207 209 218 222 223 231 232 233 234 247 248 249 262 263 264 
185 181 182 183 184 185 186 187 188 189 190 206 230 
242 202 217 219 224 225 237 242 255 256 257 265 266 267 268 270 271 286 
147 113 114 137 138 142 143 144 145 146 147 153 
288 277 287 288 289 290 296 297 298 300 301 302 303 306 307 308 309 314 315 316 317 320 340 341 
13 12 13 34 35 36 37 45 46 47 48 49 50 57 58 59 60 68 69 70 82 83 87 95 96 
107 53 63 64 73 74 84 85 88 89 90 91 103 104 105 106 107 108 109 110 115 116 117 118 119 120 121 
295 240 251 252 254 278 279 280 281 282 283 291 292 293 294 295 318 323 324 
325 304 310 311 321 325 326 345 364 
363 342 343 344 363 372 373 374 375 376 399 400 
367 346 347 348 349 367 390 391 401 404 
395 358 359 360 361 362 369 370 371 380 381 382 383 385 386 387 394 395 396 406 407 
403 366 389 393 403 410 412 413 414 416 
417 377 378 379 384 392 405 417 418 
422 388 397 398 402 408 409 415 419 420 421 422 
