2994.48
10 9 10 11 27 28 29 30 31 32 33 34 35 36 44 45 56 57 67 80 81 
309 277 278 279 280 281 282 289 290 291 292 298 302 303 308 309 316 317 
49 12 13 37 46 47 48 49 50 58 59 60 68 69 70 83 87 95 96 97 
123 118 119 120 121 122 123 124 125 126 127 128 141 148 149 150 152 
77 8 23 24 25 26 51 66 77 78 79 86 92 93 94 98 99 
261 230 243 244 245 246 247 258 259 260 261 262 263 264 274 275 285 
130 82 100 101 102 111 130 131 132 133 
324 293 294 295 318 323 324 363 374 375 
136 134 135 136 139 140 
419 388 397 398 399 402 408 409 415 419 420 421 422 
90 40 52 53 62 63 64 72 73 74 75 84 85 88 89 90 91 103 104 105 106 107 108 109 110 116 117 
155 151 155 156 166 171 
17 1 2 3 4 5 6 7 16 17 18 19 20 21 22 41 42 43 54 55 65 
163 153 163 167 172 208 214 
273 255 256 257 268 269 272 273 284 312 
38 0 14 15 38 39 61 71 76 
320 287 288 296 297 299 300 301 305 306 307 313 314 315 319 320 322 331 332 333 334 335 336 337 338 
179 154 157 158 159 160 161 162 168 175 176 177 178 179 180 181 182 183 203 204 205 206 220 221 226 227 228 
197 164 165 169 170 194 195 196 197 198 199 200 201 207 209 210 211 212 213 218 222 223 233 234 248 249 
219 173 174 202 216 217 219 224 225 237 242 265 266 267 
188 184 185 186 187 188 189 190 191 192 193 231 232 
254 215 236 238 240 251 252 254 283 
112 112 113 114 115 129 137 138 142 143 144 145 146 147 
253 229 235 239 241 250 253 276 
368 329 330 350 351 352 353 354 355 356 357 365 368 369 370 377 378 379 380 381 384 385 386 392 394 405 406 407 417 418 
321 270 271 286 304 310 311 321 325 326 327 328 345 346 347 348 349 364 366 
361 339 340 341 342 343 344 358 359 360 361 362 371 372 373 382 383 387 395 396 
416 367 389 390 391 401 403 404 412 413 414 416 
411 376 400 411 
410 393 410 
