3179.93
38 0 14 15 38 39 52 61 62 71 72 76 84 
156 139 140 151 155 156 165 166 171 200 201 212 
202 173 174 175 176 177 178 202 217 219 224 225 237 242 
410 393 403 410 
128 98 99 123 124 125 126 127 128 150 
13 12 13 36 37 46 47 48 49 50 57 68 83 
292 277 278 279 280 281 282 283 290 291 292 293 294 295 318 323 324 
10 9 10 11 27 28 29 30 31 32 33 34 35 44 45 56 66 67 78 79 80 81 
315 288 289 296 297 298 300 301 302 303 306 307 308 309 314 315 316 317 320 335 336 337 338 339 340 341 342 343 344 
116 88 89 90 91 103 104 105 106 107 108 109 110 112 113 114 115 116 117 118 119 120 121 122 137 138 141 142 143 144 145 146 147 
163 129 153 163 167 172 208 214 
240 213 215 236 238 240 251 252 254 
193 164 169 170 186 187 188 189 190 191 192 193 194 195 196 197 198 199 207 209 210 211 218 222 223 231 232 233 234 247 248 249 263 264 
4 1 2 3 4 16 17 18 40 41 42 43 53 54 63 64 65 73 74 75 85 
51 5 6 7 8 19 20 21 22 23 24 25 26 51 55 77 86 92 93 
239 216 229 235 239 241 250 253 
97 58 59 60 69 70 87 95 96 97 134 135 136 
285 260 261 262 274 275 285 287 299 305 313 319 
228 203 204 205 206 220 221 226 227 228 230 243 244 245 246 258 259 
131 82 94 100 101 102 111 130 131 132 133 
272 255 256 257 266 267 268 269 272 273 284 312 
411 411 
270 265 270 271 276 286 304 310 311 
160 148 149 152 154 157 158 159 160 161 162 168 179 180 181 182 183 184 185 
348 321 327 328 346 347 348 349 366 367 389 390 401 412 413 414 416 
354 322 329 330 331 332 333 334 350 351 352 353 354 355 356 357 358 365 368 369 370 377 378 379 380 381 384 385 386 394 407 
325 325 326 345 364 
371 359 360 361 362 371 372 382 383 387 388 395 396 397 402 408 419 420 421 422 
374 363 373 374 375 376 398 399 400 409 415 
417 391 392 404 405 406 417 418 
