3177.88
0 0 1 14 15 16 38 39 40 52 61 62 71 72 76 84 88 
230 181 182 183 184 185 186 187 188 189 205 206 230 231 246 247 258 259 260 261 275 285 
60 49 50 58 59 60 69 70 87 95 96 97 
239 229 235 239 241 250 253 
404 367 390 391 401 404 412 413 414 416 417 
75 2 3 4 17 18 19 20 21 41 42 43 53 54 55 63 64 65 73 74 75 85 89 90 91 105 106 107 108 109 110 119 120 121 122 
144 103 104 112 113 114 115 116 117 118 129 137 138 142 143 144 145 146 147 153 
151 134 135 136 139 140 151 155 156 166 171 
111 56 67 68 79 80 81 82 94 100 101 102 111 130 131 132 133 
9 5 6 7 8 9 10 22 23 24 25 26 27 28 29 30 31 32 44 66 
150 149 150 162 
12 11 12 13 33 34 35 36 37 45 46 47 48 57 83 
172 163 167 172 173 174 202 208 214 216 217 219 224 225 237 
164 164 165 169 170 193 194 195 196 
233 190 191 192 207 209 218 222 223 232 233 234 248 249 262 263 264 
212 197 198 199 200 201 210 211 212 213 215 236 
410 389 393 403 410 
269 220 221 226 227 228 242 243 244 245 255 256 257 267 268 269 272 273 274 284 
99 51 77 78 86 92 93 98 99 123 124 125 126 127 128 
334 287 296 299 300 305 306 313 314 319 320 322 329 330 331 332 333 334 335 336 337 338 339 340 352 353 354 355 356 357 358 359 360 361 362 365 370 
240 238 240 251 252 254 
271 265 266 270 271 276 286 304 
157 141 148 152 154 157 158 159 160 161 168 175 176 177 178 179 180 203 204 
298 277 278 279 280 281 288 289 290 291 297 298 301 302 303 307 308 309 315 316 317 341 342 343 344 
323 282 283 292 293 294 295 318 323 324 363 374 375 
326 310 311 321 325 326 345 346 347 348 364 366 
328 312 327 328 349 350 351 
406 368 369 377 378 379 380 381 384 385 386 392 394 395 405 406 407 418 
419 371 372 373 382 383 387 388 396 397 398 399 402 408 409 415 419 420 421 422 
411 376 400 411 
