3091.89
76 0 14 15 38 39 61 71 76 
11 9 10 11 12 13 28 29 30 31 32 33 34 35 36 37 45 46 47 56 57 67 
74 1 2 3 4 16 40 41 42 52 53 54 62 63 64 65 72 73 74 75 84 85 89 90 91 105 106 107 108 109 110 
258 228 230 243 244 245 246 258 259 260 261 274 275 285 287 
163 153 163 167 172 208 214 
324 282 283 292 293 294 295 318 323 324 363 374 375 
150 127 128 149 150 162 
421 372 373 383 388 397 398 399 402 408 409 415 419 420 421 422 
92 51 55 77 86 92 98 99 125 126 
112 88 103 104 112 113 114 115 129 137 138 142 144 145 146 147 
156 136 139 140 151 155 156 166 171 201 
202 173 174 175 176 177 202 217 219 224 225 226 237 242 
329 299 300 305 306 313 314 319 322 328 329 330 331 332 333 350 351 352 353 354 365 
94 44 66 78 79 80 81 93 94 100 101 102 111 130 
141 116 117 118 119 120 121 122 123 124 141 143 148 152 154 157 158 
95 48 49 50 58 59 60 68 69 70 82 83 87 95 96 97 131 132 133 134 135 
272 255 256 257 265 266 267 268 269 271 272 273 284 312 
6 5 6 7 8 17 18 19 20 21 22 23 24 25 26 27 43 
194 164 165 169 170 187 188 189 190 191 192 193 194 195 196 197 198 199 200 207 209 210 211 212 218 222 223 233 234 
240 213 215 236 238 240 251 252 254 
263 231 232 247 248 249 262 263 264 288 296 
239 216 229 235 239 241 250 253 276 
180 159 160 161 168 178 179 180 181 182 183 184 185 186 203 204 205 206 220 221 227 
321 270 286 304 310 311 321 325 326 327 345 346 347 348 349 364 366 
410 393 410 
316 277 278 279 280 281 289 290 291 297 298 301 302 303 307 308 309 315 316 317 340 341 342 343 344 
360 320 334 335 336 337 338 339 355 356 357 358 359 360 361 362 369 370 371 381 382 387 395 396 
416 367 389 390 391 401 403 404 412 413 414 416 
406 368 377 378 379 380 384 385 386 392 394 405 406 407 417 418 
411 376 400 411 
