3034.33
79 9 27 28 29 30 31 44 66 77 78 79 80 92 93 94 98 99 100 101 102 111 
156 136 139 140 151 155 156 165 166 170 171 
148 122 123 124 125 126 127 128 141 148 149 150 152 154 157 158 159 160 161 162 168 
7 5 6 7 8 19 20 21 22 23 24 25 26 51 55 86 
36 10 11 12 13 32 33 34 35 36 37 45 46 47 56 57 67 68 81 82 83 87 
312 272 273 284 312 327 328 
50 48 49 50 58 59 60 69 70 96 97 
286 265 266 270 271 276 286 304 310 311 321 
4 1 2 3 4 16 17 18 40 41 42 43 54 
303 277 278 279 280 289 290 291 298 302 303 308 309 316 317 
153 137 138 142 143 144 145 146 147 153 163 167 174 
411 374 375 376 400 411 
129 112 113 129 
233 169 191 192 193 194 195 196 197 207 209 210 218 222 223 231 232 233 234 247 248 249 262 263 264 
325 325 326 345 346 364 
235 172 173 208 214 216 217 219 224 225 229 235 237 239 241 250 253 
38 0 14 15 38 39 52 61 62 71 72 76 
132 95 130 131 132 133 134 135 164 
226 175 176 177 178 179 202 203 204 205 220 221 226 227 228 242 243 244 245 246 255 256 257 258 259 260 267 268 269 
107 53 63 64 65 73 74 75 84 85 88 89 90 91 103 104 105 106 107 108 109 110 114 115 116 117 118 119 120 121 
295 281 282 283 292 293 294 295 318 323 324 
185 180 181 182 183 184 185 186 187 188 189 190 206 230 261 
236 198 199 200 201 211 212 213 215 236 238 240 251 252 254 
296 274 275 285 287 288 296 297 299 300 301 305 306 307 313 314 315 319 320 322 335 336 
354 329 330 331 332 333 334 350 351 352 353 354 355 356 357 358 365 368 369 370 377 378 379 380 381 384 385 386 394 407 
362 337 338 339 340 341 342 343 344 359 360 361 362 363 371 372 373 382 383 387 388 395 396 
413 347 348 349 366 367 389 390 391 401 403 404 412 413 414 416 
417 392 405 406 417 418 
410 393 410 
422 397 398 399 402 408 409 415 419 420 421 422 
