3231.64
17 1 2 3 4 16 17 18 19 20 21 41 42 43 54 55 65 75 
8 5 6 7 8 9 22 23 24 25 26 27 28 
151 134 135 136 139 140 151 155 156 165 166 170 171 
405 368 369 370 377 378 379 380 381 384 385 386 392 394 395 405 406 407 417 418 
217 173 174 175 176 177 202 216 217 219 224 225 235 237 242 265 266 267 268 
99 51 77 78 79 86 92 93 94 98 99 124 125 126 127 128 
50 13 48 49 50 58 59 60 69 70 87 95 96 97 
238 198 199 200 201 211 212 213 215 236 238 240 251 252 254 
191 164 169 185 186 187 188 189 190 191 192 193 194 195 196 197 207 209 210 218 222 223 234 
0 0 14 15 38 39 40 61 76 
329 299 305 312 313 319 322 329 330 331 332 333 334 350 351 352 353 354 355 356 357 358 365 
130 100 101 102 111 130 131 132 133 
105 52 53 62 63 64 71 72 73 74 84 85 88 89 90 91 103 104 105 106 107 108 109 110 113 114 115 116 117 118 137 138 
152 119 120 121 122 123 141 142 143 145 147 148 152 154 157 158 159 168 178 
411 376 400 411 
129 112 129 
163 144 146 153 163 167 172 208 214 
244 179 180 181 203 204 205 206 220 221 226 227 228 243 244 245 246 255 256 257 258 259 260 261 269 272 273 274 275 284 285 
150 149 150 160 161 162 182 183 184 
262 230 231 232 233 247 248 249 262 263 264 
420 371 372 373 382 383 387 388 396 397 398 399 402 408 409 415 419 420 421 422 
279 277 278 279 280 281 282 283 290 291 292 293 303 309 
33 10 11 12 29 30 31 32 33 34 35 36 37 44 45 46 47 56 57 66 67 68 80 81 82 83 
315 287 288 289 296 297 298 300 301 302 306 307 308 314 315 316 317 320 335 336 337 338 339 340 341 342 343 344 359 360 361 362 
276 229 239 241 250 253 270 271 276 286 
323 294 295 318 323 324 363 374 375 
325 304 310 311 325 326 345 364 
349 321 327 328 346 347 348 349 366 367 
416 389 390 391 401 403 404 412 413 414 416 
410 393 410 
