3172.93
374 363 373 374 375 376 398 399 400 409 415 
186 181 182 183 184 185 186 187 188 189 190 191 206 230 231 
32 9 10 11 12 27 28 29 30 31 32 33 34 35 36 37 44 45 46 56 57 66 67 68 79 80 81 82 102 
239 208 216 229 235 239 241 250 253 276 
285 244 245 246 258 259 260 261 274 275 285 287 296 299 300 305 306 312 313 314 319 320 
109 54 63 64 65 73 74 75 85 89 90 91 103 104 105 106 107 108 109 110 114 115 116 117 118 119 120 121 122 123 138 141 
2 1 2 3 4 16 17 40 41 42 53 
49 13 47 48 49 50 58 59 60 69 70 83 87 95 96 97 
38 0 14 15 38 39 52 61 62 71 72 76 84 
5 5 6 7 8 18 19 20 21 22 23 24 25 26 43 51 55 
99 77 78 86 92 93 94 98 99 100 101 127 128 
283 279 280 281 282 283 291 292 293 294 295 318 323 324 
411 411 
176 152 154 157 158 159 175 176 177 178 179 180 202 203 204 205 220 221 226 227 228 243 
129 88 112 113 129 137 
248 218 222 223 232 233 234 247 248 249 262 263 264 
149 124 125 126 148 149 150 160 161 162 168 
371 337 338 339 359 360 361 362 371 372 382 383 387 388 395 396 397 402 408 419 420 421 422 
136 136 139 140 151 
308 277 278 288 289 290 297 298 301 302 303 307 308 309 315 316 317 340 341 342 343 344 
167 142 143 144 145 146 147 153 163 167 172 173 174 214 
215 155 156 166 171 199 200 201 211 212 213 215 236 238 240 251 252 254 
169 164 165 169 170 192 193 194 195 196 197 198 207 209 210 
265 217 219 224 225 237 242 255 256 257 265 266 267 268 269 270 271 272 273 284 
133 111 130 131 132 133 134 135 
321 286 304 310 311 321 325 326 327 328 345 346 347 348 349 364 
354 322 329 330 331 332 333 334 335 336 350 351 352 353 354 355 356 357 358 365 368 369 370 377 378 379 380 381 384 385 386 394 407 
413 366 367 389 390 391 401 403 404 412 413 414 416 
417 392 405 406 417 418 
410 393 410 
