3055.63
5 5 6 7 8 17 18 19 20 21 22 23 24 25 26 27 43 51 55 77 86 
274 246 258 259 260 261 274 275 284 285 287 299 305 312 313 319 
297 262 263 264 288 289 296 297 298 300 301 302 306 307 308 314 315 316 320 322 335 336 337 
170 155 164 165 166 169 170 171 196 197 198 199 200 210 211 
362 338 339 340 341 342 343 344 361 362 363 371 372 373 382 383 387 
127 92 98 99 120 121 122 123 124 125 126 127 128 149 150 
11 9 10 11 12 28 29 30 31 32 33 34 35 36 37 44 45 46 47 56 57 
172 163 167 172 173 174 208 214 216 217 219 224 
369 329 330 331 332 333 334 350 351 352 353 354 355 356 357 358 359 360 365 368 369 370 377 378 379 380 381 384 385 386 394 395 406 407 
134 95 96 132 133 134 135 136 139 140 151 
111 66 67 68 78 79 80 81 82 83 93 94 100 101 102 111 130 131 
215 156 201 212 213 215 236 238 240 251 252 254 
50 13 48 49 50 58 59 60 69 70 87 97 
144 112 113 114 115 116 117 129 137 138 142 143 144 145 146 147 153 
191 185 186 187 188 189 190 191 192 193 194 195 207 209 218 222 223 230 231 232 233 234 247 
159 141 148 152 154 157 158 159 160 161 162 168 178 179 180 181 182 183 184 
253 229 235 239 241 250 253 276 
279 248 249 277 278 279 280 281 282 283 290 291 292 293 303 309 317 
419 388 396 397 398 399 402 408 409 415 419 420 421 422 
325 321 325 326 345 364 
412 366 389 390 403 412 413 414 416 
271 265 266 267 270 271 272 273 286 304 310 311 
324 294 295 318 323 324 374 375 
85 1 2 3 4 16 40 41 42 52 53 54 62 63 64 65 72 73 74 75 84 85 88 89 90 91 103 104 105 106 107 108 109 110 118 119 
38 0 14 15 38 39 61 71 76 
226 175 176 177 202 203 204 205 206 220 221 225 226 227 228 237 242 243 244 245 255 256 257 268 269 
367 327 328 346 347 348 349 367 391 401 404 
411 376 400 411 
417 392 405 417 418 
410 393 410 
