3254.96
17 1 2 3 4 5 6 7 16 17 18 19 20 21 22 41 42 43 53 54 55 63 64 65 73 74 75 85 
410 393 410 
316 277 278 279 280 281 288 289 290 291 297 298 301 302 303 307 308 309 315 316 317 337 338 339 340 341 342 343 344 361 362 
11 9 10 11 12 29 30 31 32 33 34 35 36 37 44 45 46 47 56 57 67 68 80 81 82 83 
0 0 14 15 38 39 40 52 61 62 71 72 76 84 
115 88 89 90 91 103 104 105 106 107 108 113 114 115 116 117 118 137 138 142 143 144 145 146 147 
253 216 229 235 239 241 250 253 276 
131 100 101 102 111 130 131 132 133 134 
123 109 110 119 120 121 122 123 124 125 126 127 141 148 152 
411 376 400 411 
129 112 129 
150 128 149 150 161 162 
166 151 155 156 165 166 170 171 197 198 199 200 201 
163 153 163 167 172 173 174 208 214 
136 135 136 139 140 
324 283 292 293 294 295 318 323 324 363 374 375 
179 154 157 158 159 160 168 175 176 177 178 179 180 181 182 183 184 203 204 205 206 220 221 226 227 228 243 
50 13 48 49 50 58 59 60 69 70 87 95 96 97 
191 164 169 185 186 187 188 189 190 191 192 193 194 195 196 207 209 230 231 
266 202 217 219 224 225 237 242 255 256 257 265 266 267 268 269 270 271 
77 8 23 24 25 26 27 28 51 66 77 78 79 86 92 93 94 98 99 
312 272 273 284 312 327 328 
249 210 218 222 223 232 233 234 247 248 249 262 263 264 
236 211 212 213 215 236 238 240 251 252 254 282 
416 367 389 390 391 401 403 404 412 413 414 416 
275 244 245 246 258 259 260 261 274 275 285 287 296 299 300 305 306 313 314 319 320 
368 322 329 330 331 332 333 334 335 336 350 351 352 353 354 355 356 357 358 359 360 365 368 369 370 377 378 379 380 381 384 385 386 392 394 406 407 
321 286 304 310 311 321 325 326 345 346 347 348 349 364 366 
419 371 372 373 382 383 387 388 395 396 397 398 399 402 408 409 415 419 420 421 422 
417 405 417 418 
