3242.95
99 51 77 86 92 93 98 99 127 128 
283 277 278 279 280 281 282 283 290 291 292 293 294 295 318 323 324 
0 0 14 15 38 39 40 76 
253 229 235 239 241 250 253 276 
227 175 176 177 178 179 180 181 182 183 203 204 205 206 220 221 226 227 228 243 244 245 246 257 258 259 260 269 
17 1 2 3 4 5 6 7 16 17 18 19 20 21 22 41 42 43 54 55 65 75 
111 56 57 67 68 80 81 82 83 94 100 101 102 111 130 131 132 133 
418 384 385 392 405 406 407 417 418 
89 52 53 61 62 63 64 71 72 73 74 84 85 88 89 90 91 103 104 105 106 107 108 113 114 115 
136 97 134 135 136 139 140 151 
411 411 
364 325 326 345 346 347 348 349 364 366 389 
129 112 129 137 142 144 145 146 
174 147 153 163 167 172 173 174 202 208 214 216 224 
13 12 13 34 35 36 37 45 46 47 48 49 50 58 59 60 69 70 87 95 96 
150 149 150 160 161 162 168 184 
265 217 219 225 237 242 255 256 265 266 267 268 270 271 272 273 284 
288 274 275 285 287 288 289 296 297 298 299 300 301 302 303 305 306 307 308 309 313 314 315 316 317 319 320 
311 286 304 310 311 312 321 327 
121 109 110 116 117 118 119 120 121 122 123 124 125 126 138 141 143 148 152 154 157 158 159 
215 155 156 166 171 199 200 201 211 212 213 215 236 238 240 251 252 254 
28 8 9 10 11 23 24 25 26 27 28 29 30 31 32 33 44 66 78 79 
169 164 165 169 170 192 193 194 195 196 197 198 207 209 210 218 
231 185 186 187 188 189 190 191 222 223 230 231 232 233 234 247 248 249 261 262 263 264 
360 322 332 333 334 335 336 337 338 339 340 341 342 343 344 355 356 357 358 359 360 361 362 369 370 371 380 381 382 386 394 395 
350 328 329 330 331 350 351 352 353 354 365 367 368 377 378 379 
374 363 373 374 375 376 399 400 
408 372 383 387 388 396 397 398 402 408 409 415 419 420 421 422 
416 390 391 401 403 404 412 413 414 416 
410 393 410 
