2926.1
157 141 148 152 154 157 158 159 160 168 175 176 177 178 179 
130 111 130 131 132 133 134 
38 0 14 15 38 39 61 76 
24 5 6 7 8 9 20 21 22 23 24 25 26 27 28 51 86 
93 44 66 77 78 79 93 94 99 100 101 102 
156 135 136 139 140 151 155 156 166 171 201 
410 393 410 
34 10 11 12 29 30 31 32 33 34 35 36 37 45 46 47 56 57 67 68 80 81 82 83 
172 163 167 172 173 174 208 214 216 
105 52 62 71 72 73 84 88 89 90 91 103 104 105 106 107 108 109 110 114 115 116 117 118 
124 92 98 119 120 121 122 123 124 125 126 127 128 149 150 
312 272 273 284 312 327 328 
239 229 235 239 241 250 253 276 
144 112 113 129 137 138 142 143 144 145 146 147 153 
50 13 48 49 50 58 59 60 69 70 87 95 96 97 
285 244 245 246 258 259 260 261 274 275 285 287 296 299 300 305 306 313 314 319 320 322 
324 283 293 294 295 318 323 324 363 374 375 
42 1 2 3 4 16 17 18 19 40 41 42 43 53 54 55 63 64 65 74 75 85 
183 161 162 180 181 182 183 184 185 186 187 188 203 204 205 206 221 228 230 
368 329 330 331 332 333 334 350 351 352 353 354 355 356 357 365 368 369 370 377 378 379 380 381 384 385 386 392 394 405 406 407 417 418 
321 270 286 304 310 311 321 325 326 345 346 347 348 349 364 366 
209 164 165 169 170 189 190 191 192 193 194 195 196 197 198 199 200 207 209 210 211 212 218 222 223 233 234 249 
242 202 217 219 220 224 225 226 227 237 242 243 255 256 257 265 266 267 268 269 271 
240 213 215 236 238 240 251 252 254 
262 231 232 247 248 262 263 264 288 
309 277 278 279 280 281 282 289 290 291 292 297 298 301 302 303 307 308 309 315 316 317 
361 335 336 337 338 339 340 341 342 343 344 358 359 360 361 362 371 372 373 382 383 387 395 396 
416 367 389 390 391 401 403 404 412 413 414 416 
411 376 400 411 
419 388 397 398 399 402 408 409 415 419 420 421 422 
