3152.03
8 5 6 7 8 9 20 21 22 23 24 25 26 27 28 29 44 
75 1 2 3 4 16 17 18 19 41 42 43 53 54 55 63 64 65 73 74 75 85 90 91 107 108 109 110 120 121 122 
130 100 101 102 111 130 131 132 133 
38 0 14 15 38 39 40 52 61 62 71 72 76 84 
163 163 167 172 208 214 
140 134 135 136 139 140 151 155 156 166 171 
238 201 212 213 215 236 238 240 251 252 254 
50 13 48 49 50 58 59 60 69 70 87 95 96 97 
348 321 327 328 346 347 348 349 366 367 389 
160 148 149 150 152 154 157 158 159 160 161 162 168 179 180 181 182 183 184 185 186 
419 382 383 387 388 395 396 397 398 399 402 408 409 415 419 420 421 422 
325 325 326 345 364 
278 277 278 279 280 281 282 283 289 290 291 292 298 303 309 
137 88 89 103 104 105 106 112 113 114 115 116 117 118 119 129 137 138 141 142 143 144 145 146 147 153 
410 393 410 
34 10 11 12 30 31 32 33 34 35 36 37 45 46 47 56 57 67 68 80 81 82 83 
195 164 165 169 170 188 189 190 191 192 193 194 195 196 197 198 199 200 207 209 210 211 218 222 223 233 234 
241 216 229 235 239 241 250 253 
99 51 66 77 78 79 86 92 93 94 98 99 123 124 125 126 127 128 
202 173 174 175 176 177 178 202 217 219 224 225 237 242 
262 187 230 231 232 247 248 249 262 263 264 285 287 288 296 
354 299 305 313 319 322 329 330 331 332 333 334 350 351 352 353 354 355 356 357 358 359 360 365 368 369 370 377 378 379 380 381 384 385 386 394 407 
416 390 391 401 403 404 412 413 414 416 
228 203 204 205 206 220 221 226 227 228 243 244 245 246 258 259 260 261 275 
272 255 256 257 266 267 268 269 272 273 274 284 312 
411 376 400 411 
270 265 270 271 276 286 304 310 311 
417 392 405 406 417 418 
323 293 294 295 318 323 324 363 374 375 
342 297 300 301 302 306 307 308 314 315 316 317 320 335 336 337 338 339 340 341 342 343 344 361 362 371 372 373 
