3124.97
17 1 2 3 4 16 17 18 19 20 21 41 42 43 54 55 65 
8 5 6 7 8 9 22 23 24 25 26 27 28 
50 13 48 49 50 58 59 60 69 70 87 95 96 97 
238 199 200 201 211 212 213 215 236 238 240 251 252 254 
411 376 400 411 
129 112 129 
312 272 273 284 312 327 328 
33 10 11 12 29 30 31 32 33 34 35 36 37 44 45 46 47 56 57 66 67 68 80 81 82 83 
405 350 351 352 353 354 365 368 369 370 377 378 379 380 381 384 385 386 392 394 395 405 406 407 417 418 
217 173 174 175 176 177 202 216 217 219 224 225 237 242 255 265 266 267 268 
0 0 14 15 38 39 40 52 61 62 71 72 76 
108 53 63 64 73 74 75 84 85 88 89 90 91 103 104 105 106 107 108 109 110 116 117 118 119 120 121 122 123 
130 100 101 102 111 130 131 132 133 
151 134 135 136 139 140 151 155 156 165 166 170 171 
245 203 204 205 206 220 221 226 227 228 243 244 245 246 256 257 258 259 260 261 269 
99 51 77 78 79 86 92 93 94 98 99 124 125 126 127 128 
162 148 149 150 154 157 158 159 160 161 162 168 178 179 180 181 182 183 184 185 
163 163 167 172 208 214 
278 249 277 278 279 280 281 282 283 289 290 291 292 298 303 
192 164 169 186 187 188 189 190 191 192 193 194 195 196 197 198 207 209 210 218 222 223 233 234 
145 113 114 115 137 138 141 142 143 144 145 146 147 152 153 
239 229 235 239 241 250 253 276 
262 230 231 232 247 248 262 263 264 288 
321 270 271 286 304 310 311 321 325 326 345 346 347 348 349 364 366 
319 274 275 285 287 296 299 300 305 306 313 314 319 320 322 329 330 331 332 333 334 335 336 355 356 357 
324 293 294 295 318 323 324 374 375 
344 297 301 302 307 308 309 315 316 317 337 338 339 340 341 342 343 344 358 359 360 361 362 363 371 372 373 
416 367 389 390 391 401 403 404 412 413 414 416 
420 382 383 387 388 396 397 398 399 402 408 409 415 419 420 421 422 
410 393 410 
