3043.21
11 9 10 11 12 28 29 30 31 32 33 34 35 36 37 45 46 56 57 67 68 
132 130 131 132 133 134 135 
69 13 47 48 49 50 58 59 60 69 70 82 83 87 95 96 97 
107 41 42 53 54 63 64 65 73 74 75 84 85 88 89 90 91 103 104 105 106 107 108 109 110 114 115 116 117 118 119 120 121 138 
411 376 400 411 
129 112 113 129 137 
0 0 1 2 3 14 15 16 38 39 40 52 61 62 71 72 76 
94 44 66 77 78 79 80 81 93 94 100 101 102 111 
362 336 337 338 339 340 341 342 343 344 359 360 361 362 363 371 372 373 382 383 387 388 395 396 
221 180 181 182 183 184 203 204 205 206 220 221 226 227 228 243 244 245 246 258 
127 92 98 99 122 123 124 125 126 127 128 149 150 
242 202 217 219 224 225 237 242 255 256 257 265 266 267 268 269 271 272 273 284 
156 136 139 140 151 155 156 166 171 
253 216 229 235 239 241 250 253 276 
159 141 143 148 152 154 157 158 159 160 161 162 168 175 176 177 178 179 
21 4 5 6 7 8 17 18 19 20 21 22 23 24 25 26 27 43 51 55 86 
167 142 144 145 146 147 153 163 167 172 173 174 208 214 
169 164 165 169 170 192 193 194 195 196 207 209 
231 185 186 187 188 189 190 191 222 230 231 232 233 247 262 263 264 
324 293 294 295 318 323 324 374 375 
277 248 249 277 278 279 280 281 282 283 289 290 291 292 297 298 301 302 303 307 308 309 315 316 317 
212 197 198 199 200 201 210 211 212 213 215 218 223 234 236 
240 238 240 251 252 254 
285 259 260 261 274 275 285 287 288 296 299 300 305 306 312 313 314 319 320 
321 270 286 304 310 311 321 325 326 327 328 345 346 347 348 349 364 
354 322 329 330 331 332 333 334 335 350 351 352 353 354 355 356 357 358 365 368 369 370 377 378 379 380 381 384 385 386 394 407 
413 366 367 389 390 391 401 403 404 412 413 414 416 
417 392 405 406 417 418 
410 393 410 
422 397 398 399 402 408 409 415 419 420 421 422 
