3112
70 13 48 49 50 58 59 60 69 70 83 87 95 96 97 
165 164 165 166 169 170 171 195 196 197 198 199 200 201 210 211 212 
303 277 278 279 280 281 282 289 290 291 292 297 298 301 302 303 307 308 309 315 316 317 
285 244 245 246 258 259 260 261 274 275 285 287 288 296 299 300 305 306 312 313 314 319 320 
11 9 10 11 12 28 29 30 31 32 33 34 35 36 37 44 45 46 47 56 57 
0 0 14 15 38 39 40 52 61 62 71 72 76 
253 208 214 216 229 235 239 241 250 253 276 
108 53 54 63 64 65 73 74 75 84 85 88 89 90 91 103 104 105 106 107 108 109 110 115 116 117 118 119 120 121 122 123 
102 66 67 68 78 79 80 81 82 93 94 100 101 102 111 130 131 
240 213 215 236 238 240 251 252 254 
4 1 2 3 4 16 17 41 42 43 
98 77 86 92 98 99 124 125 126 127 128 
147 113 114 137 138 141 142 143 144 145 146 147 152 153 163 167 
6 5 6 7 8 18 19 20 21 22 23 24 25 26 27 51 55 
411 376 400 411 
129 112 129 
410 393 410 
175 154 157 158 159 168 172 173 174 175 176 177 178 179 180 202 203 204 205 206 220 221 226 227 228 
422 397 398 399 402 408 409 415 419 420 421 422 
140 132 133 134 135 136 139 140 151 155 156 
324 283 293 294 295 318 323 324 374 375 
150 148 149 150 160 161 162 181 
265 217 219 224 225 237 242 243 255 256 257 265 266 267 268 269 270 271 272 273 284 
189 182 183 184 185 186 187 188 189 190 191 192 193 194 230 231 
248 207 209 218 222 223 232 233 234 247 248 249 262 263 264 
321 286 304 310 311 321 325 326 327 328 345 346 347 348 349 364 
354 322 329 330 331 332 333 334 335 350 351 352 353 354 355 356 357 358 365 368 369 370 377 378 379 380 381 384 385 386 394 407 
362 336 337 338 339 340 341 342 343 344 359 360 361 362 363 371 372 373 382 383 387 388 395 396 
413 366 367 389 390 391 401 403 404 412 413 414 416 
417 392 405 406 417 418 
