3184.6
38 0 14 15 38 39 52 61 62 71 72 76 84 88 
411 411 
176 154 175 176 177 178 179 202 203 204 220 226 227 
123 91 108 109 110 119 120 121 122 123 124 125 126 127 128 141 152 
215 155 156 166 171 199 200 201 211 212 213 215 236 238 240 251 252 254 
169 164 165 169 170 188 189 190 191 192 193 194 195 196 197 198 207 209 210 
136 136 139 140 151 
224 172 173 174 208 214 216 217 219 224 225 229 235 237 242 250 265 266 
163 129 163 167 
301 287 288 289 296 297 298 299 300 301 302 305 306 307 308 309 313 314 315 316 317 320 335 336 337 338 339 340 341 342 343 344 
111 56 57 67 68 78 79 80 81 82 93 94 100 101 102 111 130 131 132 
272 255 256 257 267 268 269 272 273 284 312 
96 58 59 60 69 70 83 87 95 96 97 133 134 135 
4 1 2 3 4 16 17 18 19 40 41 42 43 53 54 63 64 65 73 74 85 
138 89 90 103 104 105 106 107 112 113 114 115 116 117 118 137 138 142 143 144 145 146 147 153 
161 148 149 150 157 158 159 160 161 162 168 180 181 182 183 184 185 186 187 205 206 
417 392 405 406 417 418 
276 239 241 253 270 271 276 
13 12 13 36 37 46 47 48 49 50 
248 218 222 223 231 232 233 234 247 248 249 262 263 264 
354 319 322 329 330 331 332 333 334 350 351 352 353 354 355 356 357 358 359 360 365 368 369 370 377 378 379 380 381 384 385 386 394 407 
260 221 228 230 243 244 245 246 258 259 260 261 274 275 285 
10 8 9 10 11 26 27 28 29 30 31 32 33 34 35 44 45 66 
292 277 278 279 280 281 282 283 290 291 292 293 294 295 303 318 323 324 
86 5 6 7 20 21 22 23 24 25 51 55 75 77 86 92 98 99 
321 286 304 310 311 321 325 326 327 328 345 346 347 348 349 364 366 
410 393 410 
363 361 362 363 372 373 374 375 376 399 400 
416 367 389 390 391 401 403 404 412 413 414 416 
419 371 382 383 387 388 395 396 397 398 402 408 409 415 419 420 421 422 
