3170.83
0 0 14 15 38 39 40 52 61 62 71 72 76 84 
299 274 275 285 287 296 299 300 305 306 313 314 319 320 322 329 330 331 332 333 
29 8 9 10 11 24 25 26 27 28 29 30 31 32 33 34 35 36 44 45 56 66 67 77 78 79 80 81 93 94 
410 393 410 
128 86 92 98 99 123 124 125 126 127 128 149 150 
383 361 362 371 372 382 383 387 388 396 397 398 402 408 409 419 420 421 422 
289 248 249 262 263 264 277 278 288 289 290 297 298 301 302 303 307 308 309 315 316 317 340 341 342 343 344 
312 272 273 284 312 327 328 
49 12 13 37 46 47 48 49 50 57 58 59 60 68 69 70 83 87 95 96 97 
369 334 335 336 337 338 339 350 351 352 353 354 355 356 357 358 359 360 365 368 369 370 377 378 379 380 381 384 385 386 394 395 406 407 
413 366 389 390 403 404 412 413 414 416 
131 82 100 101 102 111 130 131 132 133 
411 411 
129 112 129 
136 134 135 136 139 140 151 
253 229 239 241 253 276 
18 1 2 3 4 5 6 7 16 17 18 19 20 21 22 23 41 42 43 51 53 54 55 63 64 65 74 75 
159 148 152 154 157 158 159 160 161 162 168 178 179 180 181 182 183 184 
116 73 85 88 89 90 91 103 104 105 106 107 108 109 110 113 114 115 116 117 118 119 120 121 122 137 138 141 142 143 144 145 146 147 
163 153 163 167 
201 155 156 165 166 170 171 196 197 198 199 200 201 210 211 212 213 215 236 238 
224 172 173 174 202 208 214 216 217 219 224 225 235 237 242 250 265 266 
191 164 169 185 186 187 188 189 190 191 192 193 194 195 207 209 218 222 223 231 232 233 234 
260 230 245 246 247 258 259 260 261 
283 240 251 252 254 279 280 281 282 283 291 292 293 294 295 318 323 324 
367 348 349 367 391 401 
226 175 176 177 203 204 205 206 220 221 226 227 228 243 244 255 256 257 267 268 269 
321 270 271 286 304 310 311 321 325 326 345 346 347 364 
374 363 373 374 375 376 399 400 415 
417 392 405 417 418 
