3131.13
76 0 14 38 39 52 61 62 71 72 76 84 88 129 
2 1 2 3 4 15 16 17 18 19 40 41 42 43 53 54 63 64 65 73 74 85 
133 95 130 131 132 133 134 135 
202 173 174 175 176 177 178 202 217 219 224 225 237 242 
271 265 266 267 268 270 271 276 286 304 310 311 
9 5 6 7 8 9 10 23 24 25 26 27 28 29 30 31 32 44 66 78 
239 216 229 235 239 241 250 253 
50 13 48 49 50 58 59 60 69 70 96 97 
171 151 155 156 164 165 166 170 171 198 199 200 201 211 212 213 
240 215 236 238 240 251 252 254 
92 20 21 22 51 55 75 77 86 92 98 99 123 124 125 126 127 128 
299 274 275 285 287 296 299 300 305 306 312 313 314 319 320 322 329 330 331 332 333 
230 185 186 187 188 206 230 231 247 259 260 261 
136 136 139 140 
67 11 12 33 34 35 36 37 45 46 47 56 57 67 68 79 80 81 82 83 87 93 94 100 101 102 111 
162 148 149 150 154 157 158 159 160 161 162 168 179 180 181 182 183 184 
163 153 163 167 172 208 214 
116 89 90 91 103 104 105 106 107 108 109 110 112 113 114 115 116 117 118 119 120 121 122 137 138 141 142 143 144 145 146 147 152 
417 392 405 417 418 
323 282 283 292 293 294 295 318 323 324 363 374 375 
410 393 410 
222 169 189 190 191 192 193 194 195 196 197 207 209 210 218 222 223 232 233 234 248 249 262 263 264 
243 203 204 205 220 221 226 227 228 243 244 245 246 255 256 257 258 269 272 273 284 
298 277 278 279 280 281 288 289 290 291 297 298 301 302 303 307 308 309 315 316 317 338 339 340 341 342 343 344 
348 321 327 328 346 347 348 349 366 367 389 
325 325 326 345 364 
416 390 391 401 403 404 412 413 414 416 
369 334 335 336 337 350 351 352 353 354 355 356 357 358 359 360 365 368 369 370 377 378 379 380 381 384 385 386 394 395 406 407 
383 361 362 371 372 373 382 383 387 388 396 397 398 399 402 408 409 415 419 420 421 422 
411 376 400 411 
