3179.68
76 14 38 61 62 71 72 76 84 
417 405 417 418 
276 229 235 239 241 250 253 270 271 276 286 304 325 
1 0 1 2 3 4 15 16 17 39 40 41 42 43 52 53 
254 238 240 251 252 254 283 
111 66 67 68 78 79 80 81 82 83 93 94 100 101 102 111 130 131 132 133 
272 243 255 256 257 265 266 267 268 269 272 273 284 312 
50 13 48 49 50 58 59 60 69 70 87 95 96 97 
149 124 125 126 127 128 148 149 150 152 154 157 158 159 160 161 162 168 
11 10 11 12 29 30 31 32 33 34 35 36 37 44 45 46 47 56 57 
398 361 362 363 371 372 373 374 375 383 388 397 398 399 400 402 408 409 415 419 420 421 422 
163 153 163 167 172 208 214 
232 187 188 189 190 191 192 207 209 218 222 223 231 232 233 234 247 248 249 262 263 264 
324 293 294 295 318 323 324 
151 134 135 136 139 140 151 155 156 166 171 
23 5 6 7 8 9 18 19 20 21 22 23 24 25 26 27 28 51 55 77 86 92 98 99 
164 164 165 169 170 193 194 195 196 
108 54 63 64 65 73 74 75 85 89 90 91 104 105 106 107 108 109 110 116 117 118 119 120 121 122 123 141 
202 173 174 175 176 177 178 202 216 217 219 224 225 226 237 242 
411 376 411 
317 277 278 279 280 281 282 289 290 291 292 297 298 301 302 303 307 308 309 315 316 317 339 340 341 342 343 344 
347 310 311 321 326 327 345 346 347 348 349 364 366 367 389 
112 88 103 112 113 114 115 129 137 138 142 143 144 145 146 147 
206 179 180 181 182 183 184 185 186 203 204 205 206 220 221 227 228 230 244 245 246 258 259 260 261 
212 197 198 199 200 201 210 211 212 213 215 236 
407 358 359 360 370 380 381 382 385 386 387 394 395 396 406 407 
313 274 275 285 287 288 296 299 300 305 306 313 314 319 320 322 330 331 332 333 334 335 336 337 338 
365 328 329 350 351 352 353 354 355 356 357 365 368 369 377 378 379 384 392 
416 390 391 401 403 404 412 413 414 416 
410 393 410 
