3061.96
224 172 173 174 208 214 216 217 219 224 225 229 235 237 242 250 265 266 
9 8 9 10 23 24 25 26 27 28 29 30 31 32 44 66 77 78 
89 40 52 53 61 62 63 64 71 72 73 74 84 85 88 89 90 91 103 104 105 106 107 108 113 114 115 116 
17 1 2 3 4 5 6 7 16 17 18 19 20 21 22 41 42 43 51 54 55 65 75 86 
111 56 67 68 79 80 81 82 93 94 100 101 102 111 130 131 132 
178 154 157 158 159 160 161 162 168 175 176 177 178 179 180 202 203 204 205 206 220 226 227 
272 255 256 257 267 268 269 272 273 284 312 
122 92 98 99 109 110 117 118 119 120 121 122 123 124 125 126 127 128 141 148 149 152 
354 319 322 329 330 331 332 333 334 350 351 352 353 354 355 356 357 358 359 360 365 368 369 370 377 378 379 380 381 384 385 386 394 407 
260 221 228 230 243 244 245 246 258 259 260 261 274 275 285 
411 411 
129 112 129 
139 133 134 135 136 139 140 151 155 156 166 
12 11 12 13 33 34 35 36 37 45 46 47 48 57 83 
153 137 138 142 143 144 145 146 147 153 163 167 
38 0 14 15 38 39 76 
187 150 181 182 183 184 185 186 187 188 189 190 191 192 231 
164 164 165 169 170 193 194 195 196 197 198 
215 171 199 200 201 211 212 213 215 236 238 240 251 252 254 
60 49 50 58 59 60 69 70 87 95 96 97 
248 207 209 210 218 222 223 232 233 234 247 248 249 262 263 264 
417 392 405 406 417 418 
276 239 241 253 270 271 276 
292 277 278 279 280 281 282 283 290 291 292 293 294 295 303 318 323 324 
321 286 304 310 311 321 325 326 327 328 345 346 347 348 349 364 366 
301 287 288 289 296 297 298 299 300 301 302 305 306 307 308 309 313 314 315 316 317 320 335 336 337 338 339 340 341 342 343 344 
410 393 410 
363 361 362 363 372 373 374 375 376 399 400 
416 367 389 390 391 401 403 404 412 413 414 416 
419 371 382 383 387 388 395 396 397 398 402 408 409 415 419 420 421 422 
