3089.94
17 1 2 3 4 5 6 7 16 17 18 19 20 21 22 41 42 43 54 55 65 75 
28 8 9 10 11 23 24 25 26 27 28 29 30 31 32 33 44 56 66 78 79 80 
381 351 352 353 354 355 356 357 358 359 360 361 365 368 369 370 377 379 380 381 382 385 386 387 394 395 396 406 407 
99 51 77 86 92 93 94 98 99 127 128 
0 0 14 15 38 39 40 76 
253 229 235 239 241 250 253 276 
321 286 304 310 311 321 325 326 345 346 347 348 349 364 
227 175 176 203 204 205 206 220 221 226 227 228 243 244 245 246 257 258 259 260 261 269 
130 67 81 100 101 102 111 130 131 132 133 
174 147 153 163 167 172 173 174 202 208 214 216 224 
89 52 53 61 62 63 64 71 72 73 74 84 85 88 89 90 91 103 104 105 106 107 108 113 114 115 
136 97 134 135 136 139 140 
320 275 285 287 288 296 297 299 300 301 305 306 307 313 314 315 319 320 322 330 331 332 333 334 335 336 337 338 339 340 
411 376 411 
129 112 129 137 142 144 145 146 
165 151 155 164 165 166 169 170 171 198 199 200 
303 277 278 279 280 289 290 291 298 302 303 308 309 316 317 341 342 343 344 
168 148 149 150 152 154 157 158 159 160 161 162 168 177 178 179 180 
121 109 110 116 117 118 119 120 121 122 123 124 125 126 138 141 143 
215 156 201 212 213 215 236 238 240 251 252 254 
186 181 182 183 184 185 186 187 188 189 190 191 192 230 231 247 
312 272 273 274 284 312 327 328 329 350 
265 217 219 225 237 242 255 256 265 266 267 268 270 271 
218 193 194 195 196 197 207 209 210 211 218 222 223 232 233 234 248 249 262 263 264 
13 12 13 34 35 36 37 45 46 47 48 49 50 57 58 59 60 68 69 70 82 83 87 95 96 
295 281 282 283 292 293 294 295 318 323 324 
398 362 363 371 372 373 374 375 383 388 397 398 399 400 402 408 409 415 419 420 421 422 
413 366 367 389 390 391 401 403 404 412 413 414 416 
417 378 384 392 405 417 418 
410 393 410 
