37466.2
157 30 33 58 65 79 129 155 157 173 177 187 208 
91 23 91 94 122 128 131 137 141 151 176 185 186 188 201 236 
168 0 3 7 16 20 28 32 36 43 47 48 52 69 78 80 92 103 107 118 123 127 130 135 140 154 160 168 171 179 180 192 200 204 213 222 224 226 227 229 231 233 
184 9 19 38 51 62 110 114 169 181 184 211 212 
228 1 27 31 37 50 74 76 81 84 85 99 101 108 113 125 126 136 145 146 148 150 156 158 175 183 191 203 205 216 219 223 228 239 
35 2 17 22 29 35 39 42 44 45 49 56 68 77 83 111 112 132 144 163 164 165 172 178 214 217 218 234 
109 8 18 72 82 88 90 93 97 98 100 109 115 139 193 196 215 225 237 238 
54 4 5 10 12 13 24 26 40 46 54 61 64 66 71 73 75 89 95 119 124 138 143 149 152 153 161 162 167 170 190 199 207 209 
34 6 14 34 53 60 106 116 142 147 159 166 174 194 202 206 221 230 
15 11 15 21 25 41 55 57 59 63 67 70 86 87 96 102 104 105 117 120 121 133 134 182 189 195 197 198 210 220 232 235 
