37180.1
21 11 15 21 25 55 57 86 87 104 133 195 198 220 232 235 
98 0 5 8 18 24 40 46 54 61 71 73 82 88 89 90 93 97 98 100 109 119 124 138 139 143 149 153 162 167 170 196 199 207 215 222 225 229 231 237 
183 1 4 12 13 27 31 50 64 65 74 81 95 101 108 113 126 136 148 152 175 183 187 190 191 205 209 219 228 
83 2 14 35 36 39 44 48 56 69 77 83 111 112 116 132 159 163 164 165 172 174 178 194 206 214 218 221 224 227 230 233 234 
192 3 7 16 28 32 37 41 43 47 52 59 63 67 70 76 80 84 85 92 96 99 102 103 105 107 117 118 120 121 123 125 130 134 135 140 150 154 158 160 168 171 179 180 182 189 192 197 200 203 210 216 223 239 
34 6 34 53 60 106 142 147 166 202 
211 9 19 38 51 62 110 114 145 146 156 169 181 184 211 212 
157 10 26 30 33 58 66 75 79 129 155 157 161 173 177 208 
217 17 20 22 29 42 45 49 68 78 122 127 137 144 201 204 213 217 226 
176 23 72 91 94 115 128 131 141 151 176 185 186 188 193 236 238 
