38943.3
91 17 23 42 45 72 91 94 115 122 128 131 137 141 151 176 185 186 188 201 217 236 238 
157 10 30 58 79 129 155 157 173 177 208 
234 2 22 29 35 36 39 44 49 56 68 69 77 78 83 103 111 112 116 132 144 159 163 164 165 172 178 194 206 214 218 224 227 234 
209 4 12 13 26 27 33 50 54 64 65 66 75 95 101 113 136 138 143 152 153 167 187 190 209 
229 0 7 20 24 28 32 43 47 48 52 76 80 82 84 89 107 118 123 127 130 135 150 154 160 162 168 171 179 180 200 204 213 215 222 225 226 229 231 233 237 239 
31 1 9 19 31 37 74 81 85 99 108 114 125 126 145 146 148 156 158 175 183 191 205 216 219 223 228 
87 3 11 14 15 16 21 25 41 55 57 59 60 63 67 70 86 87 92 96 102 104 105 117 120 121 133 134 140 182 189 192 195 197 198 203 210 220 232 235 
93 5 8 18 40 46 61 71 73 88 90 93 97 98 100 109 119 124 139 149 161 170 193 196 199 207 
147 6 34 53 106 142 147 166 174 202 221 230 
211 38 51 62 110 169 181 184 211 212 
