35494.9
136 1 3 4 12 37 47 50 64 74 76 84 85 89 95 99 108 113 125 126 130 136 138 150 153 158 167 179 180 190 191 209 219 223 228 239 
183 13 27 31 65 81 101 152 175 183 187 205 
29 2 17 22 29 35 36 42 45 49 68 77 78 122 137 144 165 178 214 217 218 234 
157 10 26 30 33 40 58 66 73 75 79 129 149 155 157 161 173 177 208 
212 9 19 62 110 114 145 146 148 156 169 181 184 211 212 
168 0 7 20 28 32 48 52 69 80 107 118 123 127 135 160 168 171 192 200 204 213 222 226 229 231 233 
14 6 14 16 34 39 43 44 53 56 59 60 70 83 86 92 96 102 103 106 111 112 116 117 121 132 134 140 142 147 154 159 163 164 166 172 174 182 189 194 198 202 206 210 220 221 224 227 230 235 
100 5 8 18 24 46 54 61 71 82 88 90 93 97 98 100 109 115 119 124 139 143 162 170 193 196 199 207 215 225 237 238 
55 11 15 21 25 38 41 51 55 57 63 67 87 104 105 120 133 195 197 203 216 232 
131 23 72 91 94 128 131 141 151 176 185 186 188 201 236 
