37469.4
21 11 15 21 25 55 57 86 87 104 133 195 198 220 232 235 
153 0 4 12 13 50 54 64 66 89 95 113 136 138 143 153 162 167 171 179 190 200 209 229 
81 1 27 31 74 81 85 99 101 108 125 126 145 146 148 152 156 158 175 183 191 205 216 219 228 
29 2 17 20 22 29 35 36 42 45 49 68 69 77 78 83 137 144 165 178 201 214 217 218 233 234 
93 5 40 46 61 71 73 93 98 100 109 119 124 139 149 161 170 196 199 207 
192 3 7 14 16 28 32 37 41 43 47 48 52 59 63 67 70 76 80 84 92 96 102 103 105 107 116 117 118 120 121 123 130 134 135 140 150 154 160 163 164 168 172 180 182 189 192 197 203 210 223 224 227 239 
34 6 34 39 44 53 56 60 106 111 112 132 142 147 159 166 174 194 202 206 221 230 
237 8 18 23 24 72 82 88 90 91 94 97 115 122 127 128 131 141 151 176 185 186 188 193 204 213 215 222 225 226 231 236 237 238 
211 9 19 38 51 62 110 114 169 181 184 211 212 
157 10 26 30 33 58 65 75 79 129 155 157 173 177 187 208 
