37601.2
157 30 33 58 79 129 155 157 173 177 208 
91 23 91 94 128 131 141 151 176 185 186 188 201 236 
168 0 3 7 16 20 28 32 43 47 48 52 69 80 84 92 103 107 118 123 127 130 135 140 154 160 164 168 171 172 179 180 192 200 204 213 222 224 226 227 229 231 233 
156 1 9 19 25 37 38 51 57 62 74 76 85 99 104 105 108 110 114 120 125 126 133 145 146 148 150 156 158 169 175 181 184 191 195 203 205 211 212 216 219 223 239 
11 6 11 14 15 21 41 55 59 60 63 67 70 86 87 96 102 117 121 134 166 182 189 197 198 210 220 232 235 
106 34 39 44 53 56 106 111 112 116 132 142 147 159 163 174 194 202 206 221 230 
183 13 27 31 65 81 101 113 152 183 187 228 
29 2 17 22 29 35 36 42 45 49 68 77 78 83 122 137 144 165 178 214 217 218 234 
109 8 18 72 82 88 90 93 97 98 100 109 115 139 193 196 215 225 237 238 
54 4 5 10 12 24 26 40 46 50 54 61 64 66 71 73 75 89 95 119 124 136 138 143 149 153 161 162 167 170 190 199 207 209 
