35084.1
225 0 8 18 24 46 72 82 88 89 90 97 98 100 109 115 139 162 193 196 204 213 215 222 225 231 237 238 
165 2 20 22 29 35 36 48 49 56 68 69 77 78 83 111 112 127 132 144 163 165 178 214 218 226 233 234 
183 1 4 12 13 27 31 33 64 65 81 101 108 129 148 152 175 183 187 205 209 219 228 
47 3 7 28 32 37 41 47 50 52 74 76 80 84 85 99 107 113 118 120 125 126 130 135 136 150 153 158 160 167 168 171 179 180 191 192 200 203 216 223 229 239 
94 17 23 42 45 91 94 122 128 131 137 141 151 176 185 186 188 201 217 236 
149 5 10 26 30 40 54 58 61 66 71 73 75 79 93 95 119 124 138 143 149 155 157 161 170 173 177 190 199 207 208 
34 6 34 39 53 106 147 174 202 
96 14 16 43 44 59 60 63 70 92 96 102 103 116 117 121 123 134 140 142 154 159 164 166 172 182 189 194 197 206 210 220 221 224 227 230 235 
184 9 19 38 51 62 110 114 145 146 156 169 181 184 211 212 
21 11 15 21 25 55 57 67 86 87 104 105 133 195 198 232 
