34187.2
74 1 31 37 51 74 76 81 85 99 108 113 125 126 145 146 148 150 156 158 175 191 203 205 216 219 223 228 
106 6 34 39 44 53 56 60 106 111 112 132 142 147 159 166 174 194 202 206 221 230 
29 2 17 20 22 29 35 36 42 45 49 68 77 78 83 122 137 144 165 178 213 214 217 218 226 234 
211 9 19 38 62 110 114 169 181 184 211 212 
24 0 5 8 18 24 46 61 71 82 88 89 90 93 97 98 100 109 115 119 139 162 170 193 196 199 200 204 207 215 222 225 229 231 237 238 
123 3 7 14 16 28 32 41 43 47 48 52 59 63 69 70 80 84 92 96 102 103 107 116 117 118 120 121 123 127 130 134 135 140 154 160 163 164 168 171 172 179 180 182 189 192 197 210 224 227 233 239 
12 4 10 12 13 26 27 33 40 50 54 64 65 66 73 75 95 101 124 136 138 143 152 153 167 183 187 190 209 
21 11 15 21 25 55 57 67 86 87 104 105 133 195 198 220 232 235 
157 30 58 79 129 149 155 157 161 173 177 208 
91 23 72 91 94 128 131 141 151 176 185 186 188 201 236 
