34700.2
115 0 8 18 23 24 72 82 88 90 91 94 97 100 109 115 122 127 128 131 139 141 151 176 185 186 188 193 204 213 215 222 225 231 236 237 238 
21 11 15 21 25 55 57 67 86 87 104 133 195 198 232 
65 4 10 12 13 26 30 33 58 64 65 66 75 79 95 101 129 152 155 157 177 187 190 209 
130 3 7 28 32 37 41 47 50 52 59 63 76 80 84 85 99 102 105 107 118 120 123 130 134 135 136 140 150 153 160 167 168 171 179 180 182 192 197 200 203 216 223 229 239 
31 1 9 19 27 31 74 81 108 113 114 125 126 145 146 148 156 158 175 183 191 205 219 228 
29 17 20 22 29 35 36 42 45 49 68 78 137 144 201 214 217 226 234 
172 2 14 16 43 44 48 56 60 69 70 77 83 92 96 103 111 112 116 117 121 132 142 154 159 163 164 165 172 174 178 189 194 206 210 218 220 221 224 227 230 233 235 
34 6 34 39 53 106 147 166 202 
199 5 40 46 54 61 71 73 89 93 98 119 124 138 143 149 161 162 170 173 196 199 207 208 
211 38 51 62 110 169 181 184 211 212 
