37658
107 0 3 7 28 32 37 41 47 48 50 52 59 63 76 80 84 85 89 99 102 107 118 123 127 130 135 136 150 153 160 162 167 168 171 179 180 192 200 223 229 231 233 239 
29 17 20 22 29 35 36 42 45 49 68 78 122 137 144 204 213 214 217 226 234 
139 5 8 18 24 46 54 61 71 72 82 88 90 93 97 98 100 109 115 119 139 143 170 193 196 199 207 215 222 225 237 238 
183 1 4 12 13 27 31 64 65 74 81 95 101 108 113 126 152 175 183 187 190 191 205 209 219 228 
172 2 14 16 43 44 56 60 69 70 77 83 92 96 103 111 112 116 117 121 132 134 140 142 154 159 163 164 165 172 174 178 182 189 194 206 210 218 220 221 224 227 230 235 
34 6 34 39 53 106 147 166 202 
91 23 91 94 128 131 141 151 176 185 186 188 201 236 
157 10 26 30 33 40 58 66 73 75 79 124 129 138 149 155 157 161 173 177 208 
212 9 19 38 51 62 110 114 125 145 146 148 156 158 169 181 184 211 212 216 
21 11 15 21 25 55 57 67 86 87 104 105 120 133 195 197 198 203 232 
