37070.5
34 6 34 39 44 53 56 60 106 111 112 132 142 147 159 166 174 194 202 206 221 230 
100 0 5 8 18 24 46 54 61 71 82 88 89 90 93 97 98 100 109 115 119 124 139 143 153 162 170 193 196 199 207 215 222 225 229 231 237 238 
125 1 9 19 31 37 51 74 85 99 108 113 125 126 136 145 146 148 156 158 175 191 203 205 216 219 223 228 
192 3 7 14 16 28 32 41 43 47 48 52 59 63 67 70 76 80 84 92 96 102 103 105 107 116 117 118 120 121 123 130 134 135 140 150 154 160 163 164 168 171 172 179 180 182 189 192 197 200 210 224 227 239 
29 2 17 20 22 29 35 36 42 45 49 68 69 77 78 83 122 127 137 144 165 178 204 213 214 217 218 226 233 234 
183 4 12 13 27 50 64 65 81 95 101 152 167 183 187 190 209 
157 10 26 30 33 40 58 66 73 75 79 129 138 149 155 157 161 173 177 208 
131 23 72 91 94 128 131 141 151 176 185 186 188 201 236 
21 11 15 21 25 55 57 86 87 104 133 195 198 220 232 235 
211 38 62 110 114 169 181 184 211 212 
