37840.1
28 0 3 7 16 28 32 41 43 47 48 52 59 76 80 84 89 92 99 103 107 118 123 130 135 136 140 150 154 160 162 168 171 179 180 182 192 200 223 224 227 229 239 
15 11 15 21 25 55 57 60 63 67 70 86 87 96 102 104 105 117 120 121 133 134 189 195 197 198 203 210 220 232 235 
81 1 31 37 74 81 85 108 125 126 145 146 148 156 158 175 183 191 205 216 219 228 
139 8 18 24 46 61 71 82 88 90 93 97 98 100 109 115 139 170 193 196 199 207 215 222 225 231 237 238 
29 2 17 20 22 29 35 36 42 45 49 68 69 77 78 83 122 127 137 144 165 178 204 213 214 217 218 226 233 234 
106 6 14 34 39 44 53 56 106 111 112 116 132 142 147 159 163 164 166 172 174 194 202 206 221 230 
12 4 5 10 12 13 26 27 33 40 50 54 64 65 66 73 75 95 101 113 119 124 138 143 152 153 167 187 190 209 
211 9 19 38 51 62 110 114 169 181 184 211 212 
131 23 72 91 94 128 131 141 151 176 185 186 188 201 236 
157 30 58 79 129 149 155 157 161 173 177 208 
