36528.7
127 0 20 22 32 36 42 45 48 49 52 68 69 78 122 127 144 151 160 168 200 204 213 222 226 229 231 233 237 238 
192 3 7 14 16 28 41 43 47 59 63 67 70 76 80 84 92 96 102 103 105 107 116 117 118 120 121 123 130 134 135 140 150 154 164 171 179 180 182 189 192 197 203 210 224 227 239 
157 10 26 30 33 58 65 66 75 79 129 155 157 173 177 187 208 
113 1 4 12 13 27 31 37 50 64 74 81 85 95 99 101 108 113 125 126 136 146 148 152 153 158 167 175 183 190 191 205 209 216 219 223 228 
35 2 17 29 35 39 44 56 77 83 111 112 132 163 165 172 178 214 217 218 234 
196 5 8 18 24 40 46 54 61 71 73 82 88 89 90 93 97 98 100 109 115 119 124 138 139 143 149 161 162 170 193 196 199 207 215 225 
34 6 34 53 60 106 142 147 159 166 174 194 202 206 221 230 
184 9 19 38 51 62 110 114 145 156 169 181 184 211 212 
15 11 15 21 25 55 57 86 87 104 133 195 198 220 232 235 
131 23 72 91 94 128 131 137 141 176 185 186 188 201 236 
