38365.4
211 9 19 38 51 62 110 114 145 146 156 169 181 184 211 212 
222 0 8 24 32 82 88 89 90 97 127 160 162 168 204 213 215 222 225 229 231 237 
15 11 15 21 25 55 57 67 70 86 87 96 104 105 117 120 121 133 189 195 198 210 220 232 235 
180 1 3 7 16 28 37 41 47 50 52 59 63 74 76 80 84 85 92 99 102 107 113 118 123 125 126 130 134 135 136 140 150 153 154 158 167 171 179 180 182 191 192 197 200 203 216 223 239 
128 23 72 91 94 115 122 128 131 137 141 151 176 185 186 188 193 201 236 238 
183 4 12 13 27 31 64 65 81 95 101 108 148 152 175 183 187 190 205 209 219 228 
214 2 17 20 22 29 35 36 42 43 44 45 48 49 68 69 77 78 83 103 111 116 132 144 163 164 165 172 178 214 217 218 224 226 227 233 234 
93 5 18 40 46 54 61 71 73 93 98 100 109 119 124 138 139 143 149 161 170 196 199 207 
34 6 14 34 39 53 56 60 106 112 142 147 159 166 174 194 202 206 221 230 
157 10 26 30 33 58 66 75 79 129 155 157 173 177 208 
