34966.1
126 1 31 37 51 74 76 81 84 85 99 108 113 125 126 136 145 146 148 150 156 158 175 191 203 205 216 219 223 228 239 
139 8 18 24 46 61 71 72 82 88 90 93 97 98 100 109 115 139 162 170 193 196 199 207 215 222 225 231 237 238 
7 0 3 7 16 20 28 32 41 43 47 48 52 59 63 69 80 92 96 102 103 107 116 118 123 127 130 134 135 140 154 160 163 164 168 171 172 179 180 182 189 192 200 204 210 224 227 229 233 
29 2 17 22 29 35 36 42 45 49 68 77 78 83 122 137 144 165 178 213 214 217 218 226 234 
15 11 15 21 25 55 57 67 70 86 87 104 105 117 120 121 133 195 197 198 220 232 235 
4 4 5 10 12 13 26 27 33 40 50 54 64 65 66 73 75 89 95 101 119 124 129 138 143 152 153 161 167 183 187 190 209 
34 6 14 34 39 44 53 56 60 106 111 112 132 142 147 159 166 174 194 202 206 221 230 
211 9 19 38 62 110 114 169 181 184 211 212 
157 30 58 79 149 155 157 173 177 208 
91 23 91 94 128 131 141 151 176 185 186 188 201 236 
