34506.3
24 0 8 18 24 46 61 71 82 88 89 90 93 97 98 100 109 115 119 139 160 162 170 171 193 196 199 200 204 207 215 222 225 229 231 237 238 
29 2 17 20 22 29 35 36 42 45 49 68 77 78 83 122 127 137 144 165 178 213 214 217 218 226 233 234 
64 4 5 10 12 13 26 33 40 50 54 64 65 66 73 75 95 101 124 138 143 152 153 167 187 190 209 
184 9 19 38 62 110 114 169 181 184 211 212 
228 1 27 31 37 74 76 81 84 85 99 108 113 125 126 136 145 146 148 150 156 158 175 183 191 205 216 219 223 228 
92 3 7 14 16 28 32 41 43 44 47 48 52 59 60 63 69 70 80 92 96 102 103 107 111 116 117 118 121 123 130 134 135 140 154 163 164 168 172 179 180 182 189 192 197 210 220 224 227 235 239 
34 6 34 39 53 56 106 112 132 142 147 159 166 174 194 202 206 221 230 
55 11 15 21 25 51 55 57 67 86 87 104 105 120 133 195 198 203 232 
131 23 72 91 94 128 131 141 151 176 185 186 188 201 236 
157 30 58 79 129 149 155 157 161 173 177 208 
