35413.6
96 7 14 16 43 44 59 60 63 70 92 96 102 103 111 112 116 117 121 123 134 135 140 142 154 159 163 164 166 172 182 189 192 194 197 206 210 220 221 224 227 230 235 
8 0 5 8 18 24 46 54 61 71 82 88 89 90 93 97 98 100 109 115 119 124 138 139 143 153 160 162 167 170 193 196 199 200 207 215 222 225 229 231 237 238 
91 23 72 91 94 128 131 137 141 151 176 185 186 188 201 236 
157 10 26 30 33 40 58 66 73 75 79 129 149 155 157 161 173 177 208 
223 1 3 28 37 41 47 50 52 74 76 80 84 85 99 105 107 108 113 118 120 125 126 130 136 146 148 150 156 158 171 179 180 191 203 205 216 219 223 228 239 
183 4 12 13 27 31 64 65 81 95 101 152 175 183 187 190 209 
214 2 17 20 22 29 32 35 36 42 45 48 49 68 69 77 78 83 122 127 132 144 165 168 178 204 213 214 217 218 226 233 234 
34 6 34 39 53 56 106 147 174 202 
211 9 19 38 51 62 110 114 145 169 181 184 211 212 
21 11 15 21 25 55 57 67 86 87 104 133 195 198 232 
