36643.5
157 10 26 30 58 66 79 155 157 173 177 208 
212 9 19 31 38 51 62 108 110 114 145 146 148 156 169 175 181 184 211 212 219 
47 0 1 3 7 28 32 37 41 47 50 52 59 63 74 76 80 84 85 89 99 102 107 113 118 120 123 125 126 130 134 135 136 140 150 153 158 160 162 168 171 179 180 182 191 192 197 200 203 216 223 229 239 
172 2 14 16 35 43 44 48 56 60 69 70 77 83 92 96 103 111 112 116 117 121 132 142 154 159 163 164 165 172 174 178 189 194 206 210 214 218 220 221 224 227 230 233 234 235 
101 4 12 13 27 33 64 65 75 81 95 101 129 152 167 183 187 190 205 209 228 
93 5 8 24 40 46 54 61 71 73 82 93 98 100 109 119 124 138 139 143 149 161 170 196 199 207 215 
34 6 34 39 53 106 147 166 202 
21 11 15 21 25 55 57 67 86 87 104 105 133 195 198 232 
217 17 20 22 29 36 42 45 49 68 78 94 122 127 137 144 201 204 213 217 226 
72 18 23 72 88 90 91 97 115 128 131 141 151 176 185 186 188 193 222 225 231 236 237 238 
