35808.9
157 10 26 30 33 58 65 75 79 129 155 157 173 177 187 208 
168 0 7 20 28 32 48 52 59 80 107 118 123 127 135 140 154 160 162 168 171 192 200 204 213 222 229 231 233 
136 1 3 4 12 13 27 37 47 50 64 76 84 85 89 95 99 113 130 136 150 152 153 167 179 180 190 209 223 239 
111 2 6 14 16 34 35 39 43 44 53 56 60 69 70 77 83 92 96 103 106 111 112 116 121 132 142 147 159 163 164 165 166 172 174 178 189 194 202 206 210 218 220 221 224 227 230 234 235 
207 5 8 24 40 46 54 61 66 71 73 82 93 98 100 109 119 124 138 139 143 149 161 170 196 199 207 215 
31 9 19 31 74 81 101 108 125 126 145 146 148 156 158 175 183 191 205 216 219 228 
21 11 15 21 25 41 55 57 63 67 86 87 102 104 105 117 120 133 134 182 195 197 198 203 232 
72 18 23 72 88 90 91 97 115 128 131 141 176 185 186 188 193 225 236 237 238 
17 17 22 29 36 42 45 49 68 78 94 122 137 144 151 201 214 217 226 
184 38 51 62 110 114 169 181 184 211 212 
