36869.7
211 9 19 38 57 62 110 114 169 181 184 211 212 
24 0 5 8 18 24 46 54 61 71 82 88 89 90 93 97 98 100 109 115 119 138 139 143 153 162 167 170 193 196 199 204 207 215 222 225 229 231 237 238 
11 6 11 14 15 21 55 60 70 86 87 117 121 166 198 220 232 235 
106 34 39 44 53 56 106 111 112 132 142 147 159 174 194 202 206 221 230 
7 7 16 20 28 32 43 47 48 52 59 63 69 80 92 96 102 103 107 116 118 123 127 130 134 135 140 154 160 163 164 168 171 172 179 180 182 189 192 200 210 224 227 233 
29 2 17 22 29 35 36 42 45 49 68 77 78 83 122 137 144 165 178 213 214 217 218 226 234 
216 1 3 25 37 41 51 67 74 76 84 85 99 104 105 108 120 125 126 133 136 145 146 148 150 156 158 175 191 195 197 203 205 216 219 223 228 239 
183 4 12 13 27 31 50 64 65 81 95 101 113 152 183 187 190 209 
91 23 72 91 94 128 131 141 151 176 185 186 188 201 236 
157 10 26 30 33 40 58 66 73 75 79 124 129 149 155 157 161 173 177 208 
