37865.6
209 4 12 13 26 27 33 50 54 64 65 66 75 95 101 113 136 138 143 152 153 167 187 190 209 
229 0 7 20 24 28 32 43 47 48 52 76 80 82 84 89 107 118 123 127 130 135 150 160 162 168 171 179 180 200 204 213 215 222 225 226 229 231 233 237 239 
86 3 11 14 15 16 21 25 41 59 60 63 67 70 86 87 92 96 102 103 104 105 116 117 120 121 134 140 142 154 166 182 189 192 197 198 210 220 232 235 
31 1 9 19 31 37 74 81 85 99 108 114 125 126 145 146 148 158 175 183 191 205 216 219 223 228 
35 2 17 22 29 35 36 39 42 44 45 49 56 68 69 77 78 83 111 112 132 144 163 164 165 172 178 214 217 218 224 227 234 
38 38 51 55 57 62 110 133 156 169 181 184 195 203 211 212 
93 5 8 18 40 46 61 71 73 88 90 93 97 98 100 109 119 124 139 149 161 170 193 196 199 207 
34 6 34 53 106 147 159 174 194 202 206 221 230 
91 23 72 91 94 115 122 128 131 137 141 151 176 185 186 188 201 236 238 
157 10 30 58 79 129 155 157 173 177 208 
