35897.6
180 0 3 7 16 28 32 41 47 50 52 59 63 76 80 84 92 99 102 107 113 118 123 130 134 135 136 140 150 153 154 160 167 168 171 179 180 182 192 197 200 223 229 239 
157 10 26 30 33 58 66 75 79 129 155 157 173 177 208 
146 1 9 19 31 37 51 74 85 108 114 125 126 145 146 148 156 158 175 191 203 205 216 219 228 
218 2 14 17 20 22 29 35 36 42 43 44 48 49 56 68 69 77 78 83 96 103 111 112 116 127 132 144 163 164 165 172 178 189 206 210 213 214 218 224 226 227 233 234 
196 5 8 18 24 40 46 54 61 71 73 82 88 89 90 93 97 98 100 109 119 124 138 139 143 149 161 162 170 196 199 207 215 222 225 
183 4 12 13 27 64 65 81 95 101 152 183 187 190 209 
34 6 34 39 53 60 106 142 147 159 166 174 194 202 221 230 
21 11 15 21 25 55 57 67 70 86 87 104 105 117 120 121 133 195 198 220 232 235 
236 23 45 72 91 94 115 122 128 131 137 141 151 176 185 186 188 193 201 204 217 231 236 237 238 
184 38 62 110 169 181 184 211 212 
