36043.3
229 0 7 24 28 32 47 48 50 52 80 82 84 89 107 118 127 135 136 153 160 162 167 168 171 179 180 200 222 229 233 
183 1 4 12 13 27 31 64 65 74 81 95 101 108 113 152 175 183 187 190 205 209 219 228 
29 2 17 20 22 29 35 36 42 45 49 68 69 77 78 83 137 144 165 178 214 217 218 226 234 
115 18 23 72 88 90 97 100 115 122 128 151 188 193 204 213 215 225 231 237 238 
93 5 8 40 46 54 61 71 73 93 98 109 119 124 138 139 143 149 161 170 196 199 207 
105 3 15 16 21 25 37 41 51 55 57 59 63 67 76 85 87 92 99 102 104 105 120 123 125 126 130 133 134 140 150 154 156 158 182 191 192 195 197 198 203 216 223 232 239 
202 6 11 14 34 39 43 44 53 56 60 70 86 96 103 106 111 112 116 117 121 132 142 147 159 163 164 166 172 174 189 194 202 206 210 220 221 224 227 230 235 
157 10 26 30 33 58 66 75 79 129 155 157 173 177 208 
212 9 19 38 62 110 114 145 146 148 169 181 184 211 212 
131 91 94 131 141 176 185 186 201 236 
