37446
48 0 3 7 16 20 22 28 32 36 43 45 47 48 49 52 59 68 69 77 78 80 92 96 103 107 116 118 123 127 130 135 140 144 154 160 164 168 171 172 178 179 180 182 189 192 200 204 210 213 214 218 224 226 227 229 233 
205 1 27 31 37 50 74 76 81 84 85 99 108 113 125 126 136 145 146 148 150 156 158 167 175 191 203 205 216 219 223 228 239 
21 11 15 21 25 41 55 57 63 67 70 86 87 102 104 105 117 120 121 133 134 195 197 198 220 232 235 
65 4 10 12 13 26 30 33 58 64 65 66 75 79 95 101 129 152 155 157 177 183 187 190 209 
91 17 23 42 91 94 122 128 131 137 141 176 185 186 188 201 217 236 
234 2 29 35 39 44 56 83 111 112 132 159 163 165 194 206 234 
34 6 14 34 53 60 106 142 147 166 174 202 221 230 
199 5 40 46 54 61 71 73 89 93 119 124 138 143 149 153 161 170 173 196 199 207 208 
97 8 18 24 72 82 88 90 97 98 100 109 115 139 151 162 193 215 222 225 231 237 238 
211 9 19 38 51 62 110 114 169 181 184 211 212 
