36717.7
131 23 72 91 94 128 131 137 141 151 176 185 186 188 201 236 238 
98 0 5 8 18 24 40 46 54 61 71 73 82 88 89 90 93 97 98 100 109 115 119 124 138 139 143 149 153 162 170 193 196 199 207 215 222 225 229 231 237 
157 10 26 30 33 58 65 66 79 129 155 157 161 173 177 208 
3 3 7 16 28 32 37 41 47 52 59 63 67 76 80 84 85 92 96 99 102 105 107 118 120 123 125 130 134 135 140 150 154 158 171 179 180 182 189 192 197 200 210 216 223 239 
214 2 17 20 22 29 35 36 42 43 44 45 48 49 68 69 77 78 83 103 111 116 122 127 132 144 160 163 164 165 168 172 178 204 213 214 217 218 224 226 227 233 234 
27 1 4 12 13 27 31 50 64 74 75 81 95 101 108 113 126 136 148 152 167 175 183 187 190 191 205 209 219 228 
34 6 34 39 53 56 106 112 142 147 159 174 194 202 206 221 230 
195 25 38 51 55 57 62 104 133 156 195 203 
184 9 19 110 114 145 146 169 181 184 211 212 
11 11 14 15 21 60 70 86 87 117 121 166 198 220 232 235 
