36528.7
93 5 40 46 54 61 71 73 93 98 100 109 119 124 139 143 149 161 170 196 199 207 
29 2 17 22 29 35 36 42 45 49 68 77 78 83 137 144 163 165 178 214 217 218 234 
52 0 3 7 16 20 28 32 43 47 48 52 59 69 80 84 89 92 103 107 118 123 127 130 135 140 153 154 160 162 164 168 171 172 179 180 182 192 200 210 224 227 229 233 
228 1 27 31 37 50 74 76 81 85 99 108 113 125 126 136 145 146 148 150 156 158 167 175 183 191 203 205 216 219 223 228 239 
129 4 10 12 13 26 30 33 58 64 65 66 75 79 95 101 129 138 152 155 157 173 177 187 190 208 209 
34 6 14 34 39 44 53 56 60 106 111 112 116 132 142 147 159 166 174 194 202 206 221 230 
237 8 18 23 24 72 82 88 90 97 115 122 151 188 193 204 213 215 222 225 226 231 237 238 
211 9 19 38 51 62 110 114 169 181 184 211 212 
15 11 15 21 25 41 55 57 63 67 70 86 87 96 102 104 105 117 120 121 133 134 189 195 197 198 220 232 235 
131 91 94 128 131 141 176 185 186 201 236 
