38032.1
136 0 1 4 12 13 27 28 31 32 47 50 52 64 74 80 81 84 89 99 101 107 113 118 130 136 150 152 153 167 171 179 180 183 200 205 209 228 229 
11 11 14 15 16 21 60 70 86 87 96 117 121 166 189 198 210 220 232 235 
165 2 7 20 22 29 35 36 43 44 48 49 56 68 69 77 78 83 92 103 111 112 116 123 127 132 135 144 154 160 163 164 165 168 172 178 204 206 213 214 218 224 226 227 233 234 
71 5 8 24 26 40 46 54 61 66 71 73 75 82 93 95 98 119 124 138 143 149 161 162 170 190 196 199 207 215 
203 3 25 37 41 51 55 57 59 63 67 76 85 102 104 105 108 120 125 126 133 134 140 146 148 156 158 175 182 191 192 195 197 203 216 219 223 239 
34 6 34 39 53 106 142 147 159 174 194 202 221 230 
184 9 19 38 62 110 114 145 169 181 184 211 212 
157 10 30 33 58 65 79 129 155 157 173 177 187 208 
193 18 72 88 90 97 100 109 115 128 139 193 222 225 231 237 238 
94 17 23 42 45 91 94 122 131 137 141 151 176 185 186 188 201 217 236 
