37848.3
0 0 7 8 20 24 28 32 47 48 52 78 80 82 84 89 97 107 115 118 123 127 135 160 162 168 171 179 180 200 204 213 215 222 225 226 229 231 233 237 
81 1 31 74 81 99 108 125 126 145 146 148 158 175 183 191 205 219 228 
157 30 58 79 129 155 157 173 177 208 
25 3 15 16 21 25 37 41 51 55 57 59 63 67 76 85 86 87 92 102 104 105 120 130 133 134 140 150 154 156 182 192 195 197 198 203 216 223 232 239 
234 2 17 22 29 35 36 39 42 43 44 49 56 68 69 77 83 103 111 112 132 144 163 164 165 172 178 194 206 214 218 224 227 234 
12 4 10 12 13 26 27 33 50 54 64 65 66 75 95 101 113 136 138 143 152 153 167 187 190 209 
93 5 18 40 46 61 71 73 88 90 93 98 100 109 119 124 139 149 161 170 193 196 199 207 
6 6 11 14 34 53 60 70 96 106 116 117 121 142 147 159 166 174 189 202 210 220 221 230 235 
184 9 19 38 62 110 114 169 181 184 211 212 
131 23 45 72 91 94 122 128 131 137 141 151 176 185 186 188 201 217 236 238 
