35553.2
135 0 3 7 16 20 28 32 41 43 47 48 52 59 63 69 70 80 84 92 96 102 103 107 116 118 123 127 130 134 135 140 154 160 164 168 171 172 179 180 182 189 192 197 200 210 224 227 229 233 
211 9 19 38 62 110 114 169 181 184 211 212 
90 8 18 24 46 72 82 88 90 97 98 100 109 115 139 162 193 196 204 213 215 222 225 226 231 237 238 
35 2 22 29 35 36 39 44 49 56 68 77 78 83 111 112 132 144 163 165 178 214 218 234 
183 13 27 31 33 50 65 81 101 113 152 183 187 209 
73 4 5 10 12 26 30 40 54 58 61 64 66 71 73 75 79 89 93 95 119 124 129 138 143 149 153 155 157 161 167 170 173 177 190 199 207 208 
216 1 37 51 74 76 85 99 105 108 120 125 126 136 145 146 148 150 156 158 175 191 203 205 216 219 223 228 239 
34 6 14 34 53 60 106 142 147 159 166 174 194 202 206 221 230 
21 11 15 21 25 55 57 67 86 87 104 117 121 133 195 198 220 232 235 
94 17 23 42 45 91 94 122 128 131 137 141 151 176 185 186 188 201 217 236 
