35836
24 0 5 8 18 24 46 54 61 71 82 88 89 90 93 97 98 100 109 115 119 138 139 143 153 162 170 193 196 199 207 215 222 225 229 231 237 238 
157 10 26 30 33 40 58 65 66 73 79 124 129 149 155 157 161 173 177 208 
234 2 35 39 44 56 83 111 112 132 163 165 194 206 234 
27 1 4 12 13 27 31 50 64 74 75 81 95 101 108 113 126 136 148 152 167 175 183 187 190 191 205 209 219 228 
131 23 72 91 94 128 131 141 176 185 186 188 236 
120 3 15 16 21 25 37 41 47 51 55 57 59 63 67 76 84 85 86 87 96 99 102 104 105 117 120 125 130 133 134 140 150 156 158 180 182 192 195 197 198 203 216 223 232 239 
6 6 11 14 34 53 60 70 106 116 121 142 147 159 166 174 202 220 221 230 235 
48 7 20 28 32 36 43 48 52 69 77 80 92 103 107 118 123 127 135 154 160 164 168 171 172 178 179 189 200 204 210 214 218 224 227 233 
184 9 19 38 62 110 114 145 146 169 181 184 211 212 
42 17 22 29 42 45 49 68 78 122 137 144 151 201 213 217 226 
