37631.2
211 9 19 38 51 62 110 114 169 181 184 211 212 
200 0 3 28 32 47 50 52 54 76 80 84 89 107 118 127 130 135 136 143 150 153 160 162 167 168 171 179 180 200 204 222 223 229 231 239 
15 11 15 21 25 41 55 57 63 67 86 87 104 105 120 133 195 197 198 203 232 
81 1 12 27 31 37 74 81 85 99 101 108 113 125 126 145 146 148 152 156 158 175 183 191 205 209 216 219 228 
109 5 8 18 24 46 61 71 72 82 88 90 93 97 98 100 109 115 119 139 170 193 196 199 207 215 225 237 238 
164 2 7 14 16 43 44 48 59 60 69 70 77 83 92 96 102 103 111 112 116 117 121 123 132 134 140 142 154 159 163 164 172 178 182 189 192 194 206 210 218 220 221 224 227 230 233 235 
91 23 91 94 128 131 141 151 176 185 186 188 201 236 
157 4 10 13 26 30 33 40 58 64 65 66 73 75 79 95 124 129 138 149 155 157 161 173 177 187 190 208 
34 6 34 39 53 56 106 147 166 174 202 
29 17 20 22 29 35 36 42 45 49 68 78 122 137 144 165 213 214 217 226 234 
