38517.5
184 9 19 38 62 110 114 169 181 184 211 212 
107 0 3 7 16 28 32 43 47 48 50 52 59 80 84 89 92 102 103 107 118 123 127 130 134 135 136 140 153 154 160 162 164 167 168 171 179 180 182 192 200 210 224 227 229 231 233 
183 4 12 13 27 31 64 65 81 95 101 113 152 183 187 190 209 
139 5 8 18 24 46 54 61 71 72 82 88 90 93 97 98 100 109 115 119 139 143 170 193 196 199 207 215 222 225 237 238 
29 2 17 20 22 29 35 36 42 45 49 68 69 77 78 83 122 137 144 163 165 172 178 204 213 214 217 218 226 234 
216 1 37 41 51 74 76 85 99 105 108 120 125 126 145 146 148 150 156 158 175 191 203 205 216 219 223 228 239 
34 6 14 34 39 44 53 56 60 106 111 112 116 132 142 147 159 166 174 194 202 206 221 230 
91 23 91 94 128 131 141 151 176 185 186 188 201 236 
157 10 26 30 33 40 58 66 73 75 79 124 129 138 149 155 157 161 173 177 208 
15 11 15 21 25 55 57 63 67 70 86 87 96 104 117 121 133 189 195 197 198 220 232 235 
