36476.4
157 10 26 30 33 40 58 66 73 75 79 129 149 155 157 161 173 177 208 
146 1 9 19 31 37 51 74 85 99 108 114 125 126 145 146 148 156 158 175 191 205 216 219 228 
8 0 5 8 18 24 46 54 61 71 82 88 89 90 93 97 98 100 109 115 119 124 138 139 143 153 162 167 170 193 196 199 207 215 222 225 229 231 237 238 
41 3 11 15 16 21 25 28 41 47 55 59 63 67 70 76 84 86 87 92 96 102 104 105 117 120 121 123 130 134 140 150 154 180 182 189 192 197 198 203 210 223 232 239 
183 4 12 13 27 50 64 65 81 95 101 113 136 152 183 187 190 209 
29 2 17 22 29 35 42 45 49 68 83 122 137 144 165 214 217 234 
34 6 14 34 39 44 53 56 60 106 112 132 142 147 159 166 174 194 202 206 220 221 230 235 
48 7 20 32 36 43 48 52 69 77 78 80 103 107 111 116 118 127 135 160 163 164 168 171 172 178 179 200 204 213 218 224 226 227 233 
131 23 72 91 94 128 131 141 151 176 185 186 188 201 236 
211 38 57 62 110 133 169 181 184 195 211 212 
