36693.9
15 11 15 21 25 55 57 67 86 87 104 105 133 195 198 203 220 232 
92 3 7 14 16 32 41 43 44 52 59 60 63 70 80 92 96 102 103 107 111 116 117 118 120 121 123 130 134 135 140 154 163 164 172 182 189 192 197 210 224 227 235 
136 0 1 4 12 13 27 28 37 47 50 54 64 76 84 85 89 95 99 113 136 138 143 150 152 153 162 167 171 179 180 190 200 209 223 229 239 
109 5 8 18 24 46 61 71 72 82 88 90 93 97 98 100 109 115 119 139 170 193 196 199 207 215 225 237 238 
78 2 17 20 22 29 35 36 42 45 48 49 68 69 77 78 83 122 127 137 144 151 160 165 168 178 201 204 213 214 217 218 222 226 231 233 234 
34 6 34 39 53 56 106 112 132 142 147 159 166 174 194 202 206 221 230 
31 9 19 31 74 81 101 108 125 126 145 146 148 156 158 175 183 191 205 216 219 228 
91 23 91 94 128 131 141 176 185 186 188 236 
157 10 26 30 33 40 58 65 66 73 75 79 124 129 149 155 157 161 173 177 187 208 
184 38 51 62 110 114 169 181 184 211 212 
