35632.5
209 4 12 13 26 27 33 50 54 64 65 66 75 95 101 113 136 138 143 152 153 167 187 190 209 
229 0 20 24 28 32 36 47 52 78 80 82 84 89 107 118 127 160 162 168 171 179 180 200 204 213 215 222 225 226 229 231 233 237 
31 1 9 19 31 37 74 81 85 99 108 114 125 126 145 146 148 156 158 175 183 191 205 216 219 223 228 
56 2 29 34 35 39 44 53 56 77 83 106 111 112 132 147 159 165 174 178 194 202 206 214 218 221 230 234 
93 5 8 18 40 46 61 71 73 88 90 93 97 98 100 109 119 124 139 149 161 170 193 196 199 207 
16 3 7 14 16 41 43 48 59 60 63 69 70 76 92 96 102 103 105 116 117 120 121 123 130 134 135 140 142 150 154 163 164 166 172 182 189 192 197 210 220 224 227 235 239 
21 6 11 15 21 25 55 57 67 86 87 104 133 195 198 203 232 
157 10 30 58 79 129 155 157 173 177 208 
94 17 22 23 42 45 49 68 72 91 94 115 122 128 131 137 141 144 151 176 185 186 188 201 217 236 238 
211 38 51 62 110 169 181 184 211 212 
