37585.5
231 0 20 24 32 45 48 49 52 68 78 80 82 88 90 97 115 122 127 151 160 168 200 204 213 215 222 225 226 229 231 233 237 238 
81 1 27 31 74 81 99 101 108 125 126 145 146 148 156 158 175 183 191 205 219 228 
197 3 7 11 14 15 16 21 25 37 41 43 47 55 59 63 67 70 76 84 85 86 87 92 96 102 103 104 105 107 116 117 118 120 121 123 130 133 134 135 140 150 154 182 189 192 197 198 203 210 216 220 223 224 227 232 239 
211 9 19 38 51 57 62 110 114 169 181 184 195 211 212 
35 2 17 22 29 35 36 39 42 44 56 69 77 83 111 112 132 144 163 164 165 172 178 214 217 218 234 
167 4 12 13 28 50 54 64 66 75 89 95 113 136 138 143 152 153 162 167 171 179 180 187 190 209 
93 5 8 18 40 46 61 71 73 93 98 100 109 119 124 139 149 161 170 193 196 199 207 
34 6 34 53 60 106 142 147 159 166 174 194 202 206 221 230 235 
91 23 72 91 94 128 131 137 141 176 185 186 188 201 236 
157 10 26 30 33 58 65 79 129 155 157 173 177 208 
