36196.7
50 0 4 12 13 27 50 54 64 89 95 99 101 113 136 138 143 152 153 162 167 171 179 190 200 209 229 
31 1 9 19 31 74 81 85 108 114 125 126 145 146 148 156 158 175 183 191 205 216 219 228 
139 5 8 18 24 46 61 71 72 82 88 90 93 97 98 100 109 115 119 139 170 193 196 199 207 215 222 225 231 237 238 
214 2 17 20 22 29 35 36 42 44 45 48 49 68 69 77 78 83 111 122 127 132 144 163 164 165 172 178 204 213 214 217 218 224 226 233 234 
192 3 7 14 16 28 32 37 41 43 47 52 59 63 67 70 76 80 84 92 96 102 103 105 107 116 117 118 120 121 123 130 134 135 140 150 154 160 168 180 182 189 192 197 203 210 223 227 239 
34 6 34 39 53 56 60 106 112 142 147 159 166 174 194 202 206 221 230 
91 23 91 94 128 131 137 141 151 176 185 186 188 201 236 
157 10 26 30 33 40 58 65 66 73 75 79 124 129 149 155 157 161 173 177 187 208 
15 11 15 21 25 55 57 86 87 104 133 195 198 220 232 235 
211 38 51 62 110 169 181 184 211 212 
