37461.8
211 38 51 62 110 169 181 184 211 212 
167 0 4 5 12 13 27 50 54 64 66 75 89 95 101 113 119 136 138 143 152 153 162 167 171 187 190 200 209 229 
31 1 9 19 31 74 81 108 114 125 126 145 146 148 156 158 175 183 191 205 219 228 
214 2 17 20 22 29 35 36 42 43 44 45 48 49 68 69 77 78 83 103 111 116 122 127 132 144 160 163 164 165 168 172 178 204 213 214 217 218 224 226 227 231 233 234 
239 3 7 16 28 32 37 41 47 52 59 63 76 80 84 85 92 96 99 102 105 107 118 120 123 130 134 135 140 150 154 179 180 182 192 197 203 210 216 223 239 
34 6 14 34 39 53 56 60 106 112 142 147 159 166 174 194 202 206 221 230 
109 8 18 24 46 61 71 72 82 88 90 93 97 98 100 109 115 139 170 193 196 199 207 215 222 225 237 238 
91 23 91 94 128 131 137 141 151 176 185 186 188 201 236 
157 10 26 30 33 40 58 65 73 79 124 129 149 155 157 161 173 177 208 
15 11 15 21 25 55 57 67 70 86 87 104 117 121 133 189 195 198 220 232 235 
