35832
135 0 3 7 16 28 32 41 43 47 48 52 59 63 69 70 76 80 84 92 96 102 103 107 116 118 123 130 134 135 140 150 154 160 164 168 171 172 179 180 182 189 192 197 200 210 223 224 227 229 239 
211 9 19 38 51 62 110 114 169 181 184 211 212 
35 2 29 35 39 44 56 77 83 111 112 132 163 165 178 214 218 234 
213 17 20 22 36 42 45 49 68 78 122 127 144 151 204 213 222 226 231 233 237 238 
26 4 5 10 12 13 26 30 33 40 50 54 58 61 64 65 66 71 73 75 79 89 95 101 119 124 129 138 143 149 152 153 155 157 161 167 173 177 187 190 208 209 
81 1 27 31 37 74 81 85 99 108 113 125 126 136 145 146 148 156 158 175 183 191 205 216 219 228 
34 6 14 34 53 60 106 142 147 159 166 174 194 202 206 221 230 
21 11 15 21 25 55 57 67 86 87 104 105 117 120 121 133 195 198 203 220 232 235 
109 8 18 24 46 72 82 88 90 93 97 98 100 109 115 139 162 170 193 196 199 207 215 225 
94 23 91 94 128 131 137 141 176 185 186 188 201 217 236 
