2182.1
4 0 1 4 5 7 8 18 
196 167 168 169 176 184 185 192 193 194 195 196 199 200 208 209 
81 73 74 75 78 79 80 81 82 83 86 89 90 91 92 93 94 95 96 97 98 99 102 103 104 105 106 
3 2 3 12 24 
229 204 205 206 207 214 215 216 217 218 219 220 227 228 229 230 231 232 
45 27 45 72 
111 77 101 110 111 113 124 125 126 
182 145 146 147 148 149 164 165 166 171 172 173 174 175 180 181 182 183 188 189 190 191 197 
21 6 9 10 11 16 19 20 21 
63 43 44 51 52 53 62 63 65 67 68 69 70 71 76 84 85 
41 26 29 33 34 36 37 38 39 40 41 42 47 48 49 50 61 66 
64 35 46 54 55 56 57 58 59 60 64 
23 13 14 15 17 22 23 25 28 30 31 32 
115 87 88 100 114 115 116 117 127 128 129 134 135 144 
120 107 108 109 118 119 120 121 136 137 138 139 150 151 152 153 154 155 156 157 158 
177 170 177 178 179 186 187 198 
131 112 122 123 130 131 132 133 140 141 142 143 159 160 161 162 163 
236 201 210 211 212 222 223 233 234 235 236 
221 202 203 213 221 224 225 226 
