2228
4 0 1 4 5 7 8 18 26 29 
81 74 75 78 79 80 81 82 83 89 90 91 93 94 96 97 98 99 102 104 105 106 
3 2 3 12 24 
21 6 9 10 11 16 19 20 21 34 
120 107 108 109 118 119 120 121 122 130 136 137 138 139 140 151 152 153 154 155 156 157 158 159 160 161 
183 150 165 166 167 168 169 174 175 176 182 183 184 189 190 191 192 193 194 195 196 
45 27 45 72 
230 205 206 207 214 215 216 218 219 228 229 230 231 232 
23 13 14 15 17 22 23 25 28 30 31 32 33 
111 77 101 110 111 112 113 123 124 125 126 132 133 
87 73 86 87 88 92 95 100 103 
64 35 36 37 38 39 40 46 47 48 54 55 56 57 58 59 60 64 
63 41 42 43 44 49 50 51 52 53 61 62 63 65 66 67 68 69 70 71 76 84 85 
116 114 115 116 117 127 128 129 134 
177 131 141 142 143 162 163 170 177 178 179 186 187 
171 135 144 145 146 147 148 149 164 171 172 173 180 181 188 197 
199 185 198 199 200 201 208 209 210 211 212 217 220 222 
221 202 203 204 213 221 224 225 226 227 
236 223 233 234 235 236 
