1994.98
207 193 194 195 196 205 206 207 208 214 215 216 218 219 228 229 230 231 232 
0 0 4 5 7 8 13 14 15 17 18 22 23 28 
221 202 203 213 221 224 225 226 227 
83 74 75 76 83 84 85 98 99 107 108 109 110 
12 3 12 24 27 
160 122 123 130 131 138 139 140 154 155 156 157 158 159 160 161 162 163 167 168 169 175 176 185 
45 45 72 
89 73 78 79 80 81 82 89 90 91 92 93 94 95 96 97 102 103 104 105 106 
111 77 101 111 112 113 124 125 126 132 133 
236 223 233 234 235 236 
190 165 166 172 173 174 180 181 182 183 184 188 189 190 191 192 197 204 
6 1 2 6 9 10 11 16 19 20 21 
52 42 43 44 51 52 53 62 63 65 68 69 70 71 
144 114 115 116 127 128 129 134 135 144 145 146 147 148 149 164 171 
48 25 26 29 30 31 32 33 34 35 36 37 38 39 40 41 46 47 48 49 50 54 55 56 57 58 59 60 61 64 66 67 
179 141 142 143 170 177 178 179 186 187 
87 86 87 88 100 
119 117 118 119 120 121 136 137 150 151 152 153 
200 198 199 200 201 209 210 211 212 217 220 222 
