2017.19
13 0 7 8 13 14 15 17 18 22 23 25 28 30 31 
49 26 29 32 33 34 36 37 38 39 40 41 42 43 47 48 49 50 51 61 62 66 67 
3 2 3 12 24 27 
179 142 143 170 177 178 179 186 187 198 
64 35 46 54 55 56 57 58 59 60 64 
97 74 75 80 81 82 83 84 85 89 90 91 93 94 97 98 99 102 104 105 106 107 108 109 
221 202 203 213 221 224 
152 118 119 120 135 136 137 138 145 146 147 148 149 150 151 152 153 154 155 156 157 158 165 166 167 168 169 174 175 176 
111 77 101 110 111 112 113 124 125 126 
88 73 78 79 86 87 88 92 95 96 100 103 
65 44 45 52 53 63 65 68 69 70 71 72 76 
1 1 4 5 6 9 10 11 16 19 20 21 
116 114 115 116 117 127 128 129 134 144 
130 121 122 123 130 131 132 133 139 140 141 159 160 161 162 163 
181 164 171 172 173 180 181 182 188 189 190 197 
194 183 184 185 191 192 193 194 195 196 207 
232 199 200 208 209 215 216 217 218 219 220 230 231 232 
236 201 210 211 212 222 223 233 234 235 236 
228 204 205 206 214 225 226 227 228 229 
