2132.78
230 205 206 207 208 209 214 215 216 217 218 219 220 228 229 230 231 232 
0 0 4 5 7 8 13 14 15 17 18 22 23 25 26 28 32 33 
6 1 2 6 9 10 11 16 20 21 
72 65 71 72 77 
116 114 115 116 127 128 129 134 
119 117 118 119 120 136 137 138 149 
27 3 12 24 27 45 
201 186 187 198 199 200 201 210 211 212 222 223 233 234 235 236 
109 75 76 83 84 85 98 99 101 107 108 109 110 
64 30 31 35 36 37 38 39 46 47 48 54 55 56 57 58 59 60 64 
87 86 87 88 100 
43 19 29 34 40 41 42 43 44 49 50 51 52 53 61 62 63 66 67 68 69 70 
89 73 74 78 79 80 81 82 89 90 91 92 93 94 95 96 97 102 103 104 105 106 
111 111 112 113 124 125 
140 121 122 123 130 131 139 140 157 158 159 160 161 162 163 170 
143 126 132 133 141 142 143 177 178 179 
171 135 144 145 146 147 148 164 171 172 173 180 181 182 188 189 190 197 
176 150 151 152 153 154 155 156 165 166 167 168 169 174 175 176 183 184 185 191 192 193 194 195 196 
221 202 203 204 213 221 224 225 226 227 
