2066.18
230 205 206 207 208 209 214 215 216 217 218 219 220 228 229 230 231 232 
0 0 4 7 8 13 
20 1 5 6 9 10 11 16 19 20 21 34 44 
179 170 177 178 179 186 187 
64 46 54 55 56 57 58 59 60 64 
32 14 15 17 18 22 23 25 26 28 29 30 31 32 33 35 36 37 38 39 40 47 
61 41 42 43 48 49 50 51 52 53 61 62 63 66 67 68 69 
164 144 145 146 147 148 149 150 151 164 165 166 171 172 173 174 180 181 182 183 188 189 190 197 
3 2 3 12 24 27 
72 45 65 72 77 
117 114 115 116 117 118 127 128 129 134 135 136 
94 80 81 82 89 90 91 93 94 97 102 104 105 106 
85 70 71 74 75 76 83 84 85 98 99 101 107 108 109 110 
100 73 78 79 86 87 88 92 95 96 100 103 
126 111 112 113 123 124 125 126 131 132 133 141 142 143 
120 119 120 121 122 130 137 138 139 140 152 153 154 155 156 157 158 159 
185 160 161 162 163 167 168 169 175 176 184 185 191 192 193 194 195 196 198 199 200 
236 201 210 211 212 222 223 233 234 235 236 
221 202 203 204 213 221 224 225 226 227 
