2108.66
10 1 5 6 9 10 11 16 19 20 21 34 
64 30 31 35 36 37 46 54 55 56 57 58 59 60 64 
87 73 78 79 86 87 88 92 95 96 100 102 103 
181 164 165 166 171 172 173 174 180 181 182 188 189 190 197 
66 38 39 40 41 42 47 48 49 50 61 62 66 67 68 80 81 
0 0 4 7 8 13 14 15 17 18 22 23 25 26 28 29 32 33 
44 43 44 51 52 53 63 65 69 70 71 
3 2 3 12 24 27 
72 45 72 77 
196 175 176 183 184 185 191 192 193 194 195 196 206 207 
127 104 114 115 116 117 118 119 127 128 129 134 135 136 144 145 146 147 148 149 150 
107 74 75 76 82 83 84 85 89 90 91 93 94 97 98 99 105 106 107 108 109 110 
111 101 111 112 113 124 125 
231 208 209 215 216 217 218 219 220 229 230 231 232 
139 120 121 122 123 130 131 137 138 139 140 151 152 153 154 155 156 157 158 159 160 161 162 163 167 168 169 
143 126 132 133 141 142 143 
186 170 177 178 179 186 187 198 199 200 
236 201 210 211 212 222 223 233 234 235 236 
224 202 203 204 205 213 214 221 224 225 226 227 228 
