1990.08
43 34 42 43 44 50 51 52 53 61 62 63 67 68 69 70 
236 223 233 234 235 236 
121 119 120 121 122 130 139 140 159 
98 74 75 76 82 83 84 85 91 94 97 98 99 105 106 107 108 109 110 
47 29 32 33 35 36 37 38 39 40 41 46 47 48 49 54 55 56 57 58 59 60 64 66 
1 1 4 5 6 9 10 11 16 19 20 21 
113 101 111 112 113 123 124 125 126 131 132 133 143 
3 2 3 12 24 27 
72 45 65 71 72 77 
73 73 78 79 80 81 86 87 88 89 90 92 93 95 96 100 102 103 104 
23 0 7 8 13 14 15 17 18 22 23 25 26 28 30 31 
115 114 115 116 117 127 128 129 134 144 
152 118 135 136 137 138 145 146 147 148 149 150 151 152 153 154 155 156 157 158 165 166 167 168 169 173 174 175 176 
170 141 142 160 161 162 163 170 177 178 179 186 187 
197 164 171 172 180 181 182 188 189 190 197 
196 183 184 185 191 192 193 194 195 196 208 
200 198 199 200 201 209 210 211 212 217 219 220 222 
224 202 203 204 213 221 224 225 226 227 
229 205 206 207 214 215 216 218 228 229 230 231 232 
