1993.78
13 0 7 8 13 14 15 17 18 22 23 25 28 
45 27 45 
185 175 176 183 184 185 191 192 193 194 195 196 198 
139 120 121 122 130 138 139 140 152 153 154 155 156 157 158 159 160 161 162 163 167 168 169 174 
47 26 29 30 31 32 33 34 35 36 37 38 39 40 41 46 47 48 49 50 54 55 56 57 58 59 60 61 64 66 67 
1 1 4 5 6 9 10 11 16 19 20 21 
53 42 43 44 51 52 53 62 63 65 68 69 70 71 
77 72 77 101 111 
86 73 78 79 80 81 86 87 88 89 92 93 95 96 100 102 103 
132 112 113 123 124 125 126 131 132 133 141 142 143 
236 201 211 212 222 223 233 234 235 236 
98 74 75 76 82 83 84 85 90 91 94 97 98 99 106 107 108 109 110 
3 2 3 12 24 
118 104 105 117 118 119 127 128 129 134 135 136 137 149 150 151 
115 114 115 116 
171 144 145 146 147 148 164 165 166 171 172 173 180 181 182 188 189 190 197 
179 170 177 178 179 186 187 
219 199 200 206 207 208 209 210 215 216 217 218 219 220 230 231 232 
227 202 203 204 205 213 214 221 224 225 226 227 228 229 
