1979.85
3 2 3 12 24 
48 26 29 33 35 36 37 38 39 40 41 42 46 47 48 49 50 54 55 56 57 58 59 60 61 66 67 
20 1 4 5 6 9 10 11 16 19 20 21 34 43 
189 172 180 181 182 188 189 190 197 
97 74 75 81 82 83 89 90 91 93 94 97 98 99 104 105 106 107 108 
45 27 45 
69 44 51 52 53 62 63 65 68 69 70 71 76 84 85 
23 0 7 8 13 14 15 17 18 22 23 25 28 30 31 32 
73 64 73 78 79 80 86 87 88 92 95 96 100 102 103 
77 72 77 101 
236 201 210 211 212 222 223 233 234 235 236 
121 109 110 119 120 121 122 123 130 131 138 139 140 157 158 159 160 161 162 163 
126 111 112 113 124 125 126 132 133 141 142 143 
226 202 203 204 205 213 214 221 224 225 226 227 228 
134 114 115 116 117 118 127 128 129 134 135 136 144 145 146 147 148 149 164 171 
174 137 150 151 152 153 154 155 156 165 166 167 168 173 174 175 176 183 184 191 192 193 
231 206 207 208 209 215 216 217 218 219 220 229 230 231 232 
185 169 185 194 195 196 198 199 200 
179 170 177 178 179 186 187 
