2122.16
50 29 31 32 33 34 38 39 40 41 42 43 48 49 50 61 62 66 67 
72 45 72 77 
83 68 69 71 74 75 76 83 84 85 97 98 99 101 107 108 109 110 
0 0 4 7 8 13 14 15 17 18 22 23 25 26 28 
44 44 51 52 53 63 65 70 
88 86 87 88 100 114 115 116 
219 199 200 206 207 208 209 210 215 216 217 218 219 220 230 231 232 
12 3 12 24 27 
179 170 177 178 179 186 187 
64 30 35 36 37 46 47 54 55 56 57 58 59 60 64 
11 1 2 5 6 9 10 11 16 19 20 21 
126 111 112 113 123 124 125 126 131 132 133 141 142 143 
80 73 78 79 80 81 82 89 90 91 92 93 94 95 96 102 103 104 105 106 
120 117 118 119 120 121 122 130 137 138 139 140 157 158 159 
171 127 128 129 134 135 144 145 146 147 164 171 172 173 180 181 188 189 197 
174 136 148 149 150 151 152 153 154 155 156 165 166 167 168 174 175 176 182 183 184 190 191 192 193 
185 160 161 162 163 169 185 194 195 196 198 
236 201 211 212 222 223 233 234 235 236 
227 202 203 204 205 213 214 221 224 225 226 227 228 229 
