1989.05
230 205 206 207 208 209 214 215 216 217 218 219 220 228 229 230 231 232 
0 0 4 7 8 13 14 15 17 23 
11 1 2 5 6 9 10 11 16 19 20 21 
27 3 12 24 27 45 
236 210 211 212 222 223 233 234 235 236 
144 115 116 127 128 129 134 135 144 145 146 147 148 164 171 
121 108 109 110 120 121 122 123 130 138 139 140 159 160 161 162 163 
29 18 22 25 26 29 30 31 32 33 34 38 39 40 41 42 48 49 50 
77 72 77 101 
100 73 78 79 86 87 88 92 95 96 100 102 103 
54 28 35 36 37 46 47 54 55 56 57 58 59 60 64 
68 43 44 51 52 53 61 62 63 65 66 67 68 69 70 71 75 76 84 85 
91 74 80 81 82 83 89 90 91 93 94 97 98 99 104 105 106 107 
125 111 112 113 124 125 126 131 132 133 141 142 143 
187 170 177 178 179 186 187 198 199 200 201 
118 114 117 118 119 136 137 149 150 
176 151 152 153 154 155 156 157 158 165 166 167 168 169 174 175 176 183 184 185 191 192 193 194 195 196 
189 172 173 180 181 182 188 189 190 197 
221 202 203 204 213 221 224 225 226 227 
