2018.08
0 0 4 7 8 13 14 15 17 23 
12 3 12 24 27 
45 45 65 72 
236 201 210 211 212 222 223 233 234 235 236 
29 18 22 25 26 28 29 30 31 32 33 34 37 38 39 40 41 48 49 
51 42 43 44 50 51 52 53 61 62 63 66 67 68 69 70 71 
179 170 177 178 179 186 187 198 
87 73 78 86 87 88 92 95 100 
64 35 36 46 47 54 55 56 57 58 59 60 64 
90 74 75 79 80 81 82 89 90 91 93 94 96 97 98 102 103 104 105 106 
101 76 77 83 84 85 99 101 107 108 109 110 
218 199 200 206 207 208 209 214 215 216 217 218 219 220 229 230 231 232 
11 1 2 5 6 9 10 11 16 19 20 21 
126 111 112 113 123 124 125 126 131 132 133 141 142 143 
116 114 115 116 117 127 128 129 134 135 144 145 
155 118 119 120 121 122 130 136 137 138 139 140 146 147 148 149 150 151 152 153 154 155 156 157 158 159 160 161 162 163 165 166 167 168 169 176 
197 164 171 172 173 180 181 182 188 189 190 197 213 
192 174 175 183 184 185 191 192 193 194 195 196 205 
226 202 203 204 221 224 225 226 227 228 
