2096.52
13 0 4 7 8 13 14 15 17 18 22 23 25 26 28 30 31 
227 202 203 204 205 213 214 221 224 225 226 227 228 229 
20 1 5 6 9 10 11 16 19 20 21 29 34 42 43 
3 2 3 12 24 
141 112 113 123 124 125 126 130 131 132 133 141 142 143 162 163 
45 27 45 
171 135 144 145 146 147 148 149 164 165 166 171 172 173 180 181 182 188 189 190 197 
56 32 33 35 36 37 38 39 40 41 46 47 48 49 50 54 55 56 57 58 59 60 64 66 
116 114 115 116 117 127 128 129 134 
70 44 51 52 53 61 62 63 65 68 69 70 71 76 
196 167 168 169 174 175 176 183 184 185 191 192 193 194 195 196 206 207 
81 67 74 78 79 80 81 82 89 90 91 93 94 96 97 102 104 105 106 
77 72 77 111 
99 75 83 84 85 98 99 101 107 108 109 110 
87 73 86 87 88 92 95 100 103 
120 118 119 120 121 122 136 137 138 139 140 150 151 152 153 154 155 156 157 158 159 160 161 
232 199 208 209 215 216 217 218 219 220 230 231 232 
186 170 177 178 179 186 187 198 200 
236 201 210 211 212 222 223 233 234 235 236 
