2185.12
4 0 4 5 7 8 18 26 29 
11 1 6 9 10 11 16 19 20 21 
77 72 76 77 101 111 
45 27 45 65 
64 35 36 37 38 39 46 47 48 54 55 56 57 58 59 60 64 73 78 86 
143 124 125 126 132 133 141 142 143 170 178 179 
51 34 40 41 42 43 44 49 50 51 52 53 61 62 63 66 67 68 69 70 71 
97 74 75 79 80 81 82 83 84 85 89 90 91 92 93 94 95 96 97 98 99 102 104 105 106 107 108 
230 205 206 207 208 214 215 216 217 218 219 220 228 229 230 231 232 
23 13 14 15 17 22 23 25 28 30 31 32 33 
115 87 88 100 114 115 116 
3 2 3 12 24 
118 103 117 118 119 127 128 129 134 135 136 137 149 
122 109 110 112 113 120 121 122 123 130 131 139 140 159 160 161 162 163 
221 202 203 204 213 221 224 225 226 227 
198 177 185 186 187 198 199 200 201 209 210 211 
175 138 150 151 152 153 154 155 156 157 158 165 166 167 168 169 174 175 176 182 183 184 191 192 193 194 195 196 
171 144 145 146 147 148 164 171 172 173 180 181 188 189 190 197 
236 212 222 223 233 234 235 236 
