1959.37
207 193 194 195 196 205 206 207 208 209 214 215 216 217 218 219 220 228 229 230 231 232 
0 0 4 5 7 8 13 
77 72 77 101 
45 45 
28 14 15 17 18 22 23 25 26 28 30 31 32 33 
221 202 203 213 221 224 225 226 227 
83 74 75 76 82 83 84 85 98 99 107 108 109 110 
48 29 34 35 36 37 38 39 40 41 46 47 48 49 50 54 55 56 57 58 59 60 61 64 66 67 
236 210 211 212 222 223 233 234 235 236 
190 165 166 172 173 174 180 181 182 183 184 188 189 190 191 192 197 204 
144 114 115 116 117 127 128 129 134 135 136 144 145 146 147 148 149 150 164 171 
6 1 2 6 9 10 11 16 19 20 21 
52 42 43 44 51 52 53 62 63 65 68 69 70 71 
87 73 78 86 87 88 100 
12 3 12 24 27 
104 79 80 81 89 90 91 92 93 94 95 96 97 102 103 104 105 106 118 119 
126 111 112 113 123 124 125 126 132 133 141 142 143 
159 120 121 122 130 131 137 138 139 140 151 152 153 154 155 156 157 158 159 160 161 162 163 167 168 169 175 176 
187 170 177 178 179 185 186 187 198 199 200 201 
