2082.84
61 41 42 43 49 50 51 61 62 63 66 67 68 
219 199 200 206 207 208 209 210 215 216 217 218 219 220 230 231 232 
12 2 3 12 24 27 
185 167 168 169 175 176 183 184 185 191 192 193 194 195 196 198 
1 1 5 6 9 10 11 16 19 20 21 
33 14 15 17 18 22 23 25 26 28 29 30 31 32 33 34 35 36 37 38 39 40 47 48 
115 114 115 116 
0 0 4 7 8 13 
236 201 211 212 222 223 233 234 235 236 
121 108 109 110 119 120 121 122 123 130 131 138 139 140 154 155 156 157 158 159 160 161 162 163 
111 77 101 111 112 113 124 125 126 132 133 
65 44 45 52 53 65 69 70 71 72 76 
179 141 142 143 170 177 178 179 186 187 
64 46 54 55 56 57 58 59 60 64 
87 73 78 86 87 88 92 95 96 100 103 
91 74 75 79 80 81 82 83 84 85 89 90 91 93 94 97 98 99 102 104 105 106 107 
145 117 118 127 128 129 134 135 136 137 144 145 146 147 148 149 150 151 152 153 164 165 166 171 172 173 174 
197 180 181 182 188 189 190 197 202 213 
227 203 204 205 214 221 224 225 226 227 228 229 
