2102.2
4 0 1 4 5 7 8 18 
3 2 3 12 24 
45 27 45 72 
111 77 101 110 111 112 113 124 125 126 133 
21 6 9 10 11 16 19 20 21 
63 43 44 51 52 53 62 63 65 67 68 69 70 71 75 76 84 85 
179 141 142 143 170 177 178 179 186 187 
41 26 29 33 34 36 37 38 39 40 41 42 47 48 49 50 61 66 
64 35 46 54 55 56 57 58 59 60 64 73 86 
221 202 203 204 213 221 224 225 226 227 
106 74 78 79 80 81 82 83 89 90 91 92 93 94 95 96 97 98 99 102 103 104 105 106 107 108 109 118 119 120 
230 205 206 207 214 215 216 218 219 228 229 230 231 232 
23 13 14 15 17 22 23 25 28 30 31 32 
115 87 88 100 114 115 116 117 127 128 129 134 
140 121 122 123 130 131 132 138 139 140 156 157 158 159 160 161 162 163 
171 135 144 145 146 147 164 171 172 173 180 181 188 189 197 
174 136 137 148 149 150 151 152 153 154 155 165 166 167 168 169 174 175 176 182 183 184 190 191 192 193 194 195 
199 185 196 198 199 200 201 208 209 210 211 212 217 220 222 
236 223 233 234 235 236 
