2157.74
10 1 5 6 9 10 11 16 19 20 21 34 
3 2 3 12 24 27 
66 35 36 37 38 39 40 41 42 46 47 48 49 50 54 55 56 57 58 59 60 61 62 66 67 68 
205 191 192 203 204 205 206 207 214 227 228 229 
44 43 44 45 51 52 53 63 65 69 70 71 
77 72 77 
179 170 177 178 179 186 187 
110 76 83 84 85 98 99 101 107 108 109 110 
201 201 210 211 212 223 235 236 
86 64 73 78 79 80 86 87 88 92 95 96 100 103 
221 202 213 221 224 225 226 
106 74 75 81 82 89 90 91 93 94 97 102 104 105 106 118 119 120 
126 111 112 113 124 125 126 132 133 141 142 143 
0 0 4 7 8 13 14 15 17 18 22 23 25 26 28 29 30 31 32 33 
115 114 115 116 117 127 128 129 134 
140 121 122 123 130 131 138 139 140 154 155 156 157 158 159 160 161 162 163 
173 135 136 137 144 145 146 147 148 149 150 151 152 153 164 165 166 171 172 173 174 175 180 181 182 183 184 188 189 190 197 
185 167 168 169 176 185 193 194 195 196 198 
220 199 200 208 209 215 216 217 218 219 220 222 230 231 232 233 234 
