2067.08
13 0 7 8 13 14 15 17 18 22 23 25 26 28 
112 109 110 111 112 113 122 123 124 125 126 130 131 132 133 
118 117 118 119 120 127 128 129 134 135 136 146 147 148 149 
3 2 3 12 24 
5 1 4 5 6 9 10 11 16 19 20 21 29 
207 191 192 204 205 206 207 208 209 214 215 216 217 218 219 220 228 229 230 231 232 
115 114 115 116 144 
91 74 75 80 81 82 83 84 85 89 90 91 93 94 97 98 99 104 105 106 107 108 
45 27 45 
236 201 210 211 212 222 223 233 234 235 236 
52 34 42 43 44 50 51 52 53 61 62 63 65 66 67 68 69 70 71 
54 30 31 32 33 35 36 37 38 39 40 41 46 47 48 49 54 55 56 57 58 59 60 64 
77 72 76 77 101 
86 73 78 79 86 87 88 92 95 96 100 102 103 
179 141 142 143 170 177 178 179 186 187 
156 121 137 138 139 140 150 151 152 153 154 155 156 157 158 159 160 161 162 163 166 167 168 169 174 175 176 
180 145 164 165 171 172 173 180 181 182 183 188 189 190 197 
185 184 185 193 194 195 196 198 199 200 
221 202 203 213 221 224 225 226 227 
