2015.21
13 0 4 7 8 13 14 15 17 18 22 23 25 26 28 
3 2 3 12 24 
20 1 5 6 9 10 11 16 19 20 21 29 34 
53 42 43 44 51 52 53 62 63 65 69 70 71 
114 114 115 116 117 118 127 128 129 134 
45 27 45 
67 41 49 50 61 66 67 68 74 75 82 
78 73 78 79 80 81 86 87 88 89 90 92 93 95 96 100 102 103 104 105 
77 72 77 101 
54 30 31 32 33 35 36 37 38 39 40 46 47 48 54 55 56 57 58 59 60 64 
107 76 83 84 85 91 94 97 98 99 106 107 108 109 110 119 120 
126 111 112 113 124 125 126 132 133 141 142 143 
140 121 122 123 130 131 138 139 140 154 155 156 157 158 159 160 161 162 163 167 168 169 
196 176 184 185 191 192 193 194 195 196 209 
173 135 136 137 144 145 146 147 148 149 150 151 152 153 164 165 166 171 172 173 174 175 180 181 182 183 188 189 190 197 
201 198 199 200 201 210 211 212 222 223 233 234 235 236 
178 170 177 178 179 186 187 
221 202 203 204 213 221 224 225 226 227 
230 205 206 207 208 214 215 216 217 218 219 220 228 229 230 231 232 
