2023.42
174 136 148 149 150 151 152 153 154 155 156 165 166 167 168 174 175 176 182 183 184 190 191 192 193 
13 0 4 7 8 13 14 15 17 18 22 23 25 26 28 30 31 
90 79 80 81 82 89 90 91 93 94 96 97 102 103 104 105 106 
3 2 3 12 24 
227 202 203 204 205 213 214 221 224 225 226 227 228 229 
20 1 5 6 9 10 11 16 19 20 21 29 34 
68 42 43 44 50 51 52 53 61 62 63 67 68 69 70 71 74 75 76 83 
45 27 45 65 
171 135 144 145 146 147 164 171 172 173 180 181 188 189 197 
56 32 33 35 36 37 38 39 40 41 46 47 48 49 54 55 56 57 58 59 60 64 66 
77 72 77 
133 111 112 113 124 125 126 130 131 132 133 141 142 143 178 179 
87 73 78 86 87 88 92 95 100 
110 84 85 98 99 101 107 108 109 110 122 123 
185 160 161 162 163 169 170 177 185 186 187 194 195 196 198 
116 114 115 116 117 127 128 129 134 
120 118 119 120 121 137 138 139 140 157 158 159 
219 199 200 206 207 208 209 210 215 216 217 218 219 220 230 231 232 
236 201 211 212 222 223 233 234 235 236 
