1981.19
10 1 5 6 9 10 11 16 19 20 21 34 
3 2 3 12 24 27 
147 118 127 128 129 134 135 136 137 144 145 146 147 148 149 150 151 152 164 165 166 171 172 173 
124 111 112 113 123 124 125 126 131 132 133 141 142 143 
227 203 204 205 214 221 224 225 226 227 228 229 
66 35 36 37 38 39 40 41 42 46 47 48 49 50 54 55 56 57 58 59 60 61 62 66 67 68 
44 43 44 45 51 52 53 63 65 
77 72 77 
86 64 73 78 79 80 86 87 88 92 95 96 100 103 
85 69 70 71 74 75 76 83 84 85 98 99 101 107 108 109 110 
106 81 82 89 90 91 93 94 97 102 104 105 106 119 
184 174 175 176 182 183 184 185 191 192 193 194 195 196 
0 0 4 7 8 13 14 15 17 18 22 23 25 26 28 29 30 31 32 33 
115 114 115 116 117 
208 198 199 200 206 207 208 209 215 216 217 218 219 220 230 231 232 
139 120 121 122 130 138 139 140 153 154 155 156 157 158 159 160 161 162 163 167 168 169 
179 170 177 178 179 186 187 
197 180 181 188 189 190 197 202 213 
236 201 210 211 212 222 223 233 234 235 236 
