1900.48
13 0 7 8 13 14 15 17 22 23 28 
102 73 78 79 80 81 82 86 87 88 89 90 91 92 93 94 95 96 97 100 102 103 104 105 106 
1 1 4 5 6 9 10 11 16 19 20 21 
236 210 211 212 222 223 233 234 235 236 
29 18 25 26 29 30 31 32 33 34 39 40 41 49 
144 114 115 116 127 128 129 134 135 144 145 146 147 148 149 164 171 
189 172 173 180 181 182 188 189 190 197 
51 42 43 44 50 51 52 53 61 62 63 67 68 69 70 71 
55 35 36 37 38 46 47 48 54 55 56 57 58 59 60 64 66 
187 170 177 178 179 186 187 198 199 200 201 
3 2 3 12 24 27 
72 45 65 72 77 
109 74 75 76 83 84 85 98 99 101 107 108 109 110 
126 111 112 113 124 125 126 132 133 141 142 143 
119 117 118 119 120 136 137 138 
140 121 122 123 130 131 139 140 157 158 159 160 161 162 163 
176 150 151 152 153 154 155 156 165 166 167 168 169 174 175 176 183 184 185 191 192 193 194 195 196 
221 202 203 204 213 221 224 225 226 227 
230 205 206 207 208 209 214 215 216 217 218 219 220 228 229 230 231 232 
