1931.62
11 1 2 5 6 9 10 11 16 19 20 21 34 
27 3 12 24 27 45 
229 205 206 214 215 216 218 227 228 229 230 231 232 
68 42 43 44 50 51 52 53 61 62 63 65 66 67 68 69 70 71 74 75 76 83 84 85 
0 0 4 7 8 13 14 15 17 18 22 23 
46 25 26 28 29 30 31 32 33 35 36 37 38 39 40 41 46 47 48 49 54 55 56 57 58 59 60 64 
77 72 77 101 
123 109 110 111 112 113 121 122 123 124 125 126 130 131 132 133 
179 141 142 143 170 177 178 179 186 187 
87 73 78 79 86 87 88 92 95 96 100 103 
221 202 203 213 221 224 225 226 
106 80 81 82 89 90 91 93 94 97 98 99 102 104 105 106 107 108 119 
116 114 115 116 117 
147 118 127 128 129 134 135 136 137 144 145 146 147 148 149 150 151 152 164 165 166 171 172 173 174 
157 120 138 139 140 153 154 155 156 157 158 159 160 161 162 163 167 168 169 175 176 
236 223 233 234 235 236 
190 180 181 182 183 188 189 190 191 197 204 
196 184 185 192 193 194 195 196 207 208 
200 198 199 200 201 209 210 211 212 217 219 220 222 
