2091.64
4 0 1 4 5 7 8 18 26 29 
3 2 3 12 24 
228 204 205 206 214 215 218 225 226 227 228 229 230 231 232 
21 6 9 10 11 16 19 20 21 34 
45 27 45 72 
23 13 14 15 17 22 23 25 28 30 31 32 33 
111 77 111 112 113 124 125 126 132 133 
156 120 121 130 136 137 138 139 140 150 151 152 153 154 155 156 157 158 159 160 161 162 163 167 168 169 174 175 176 
87 73 78 86 87 88 92 95 100 
64 35 36 37 38 39 40 46 47 48 54 55 56 57 58 59 60 64 
109 76 83 84 85 98 99 101 107 108 109 110 122 123 
63 41 42 43 44 49 50 51 52 53 61 62 63 65 66 67 68 69 70 71 74 75 
105 79 80 81 82 89 90 91 93 94 96 97 102 103 104 105 106 118 119 
116 114 115 116 117 127 128 129 134 
177 131 141 142 143 170 177 178 179 186 187 198 
172 135 144 145 146 147 148 149 164 165 166 171 172 173 180 181 182 188 189 190 
196 183 184 185 191 192 193 194 195 196 199 200 207 208 209 216 217 219 
236 201 210 211 212 220 222 223 233 234 235 236 
213 197 202 203 213 221 224 
