1977.91
10 1 5 6 9 10 11 16 19 20 21 34 
30 14 15 17 18 22 23 25 26 28 29 30 31 32 33 35 36 37 38 39 47 
107 74 75 76 82 83 84 85 91 94 97 98 99 106 107 108 109 110 121 
187 170 177 178 179 185 186 187 198 
3 2 3 12 24 27 
118 104 105 117 118 119 120 127 128 129 134 135 136 137 
66 40 41 42 48 49 50 61 62 66 67 68 
0 0 4 7 8 13 
44 43 44 45 51 52 53 63 65 69 70 71 
77 72 77 101 
64 46 54 55 56 57 58 59 60 64 
86 73 78 79 80 81 86 87 88 89 90 92 93 95 96 100 102 103 
126 111 112 113 123 124 125 126 132 133 141 142 143 
116 114 115 116 
206 191 192 193 194 195 196 204 205 206 207 208 214 215 216 218 219 227 228 229 230 231 
160 122 130 131 138 139 140 153 154 155 156 157 158 159 160 161 162 163 167 168 169 176 
173 144 145 146 147 148 149 150 151 152 164 165 166 171 172 173 174 175 180 181 182 183 184 188 189 190 197 
223 199 200 201 209 210 211 212 217 220 222 223 232 233 234 235 236 
221 202 203 213 221 224 225 226 
