1975.88
10 1 5 6 9 10 11 16 19 20 21 34 
30 14 15 17 18 22 23 25 26 28 29 30 31 32 33 35 36 37 38 39 47 
3 2 3 12 24 27 
158 120 121 130 137 138 139 140 151 152 153 154 155 156 157 158 159 160 161 162 163 167 168 169 
66 40 41 42 48 49 50 61 62 66 67 68 
230 205 206 207 208 209 214 215 216 217 218 219 220 228 229 230 231 232 
0 0 4 7 8 13 
44 43 44 45 51 52 53 63 65 69 70 71 
77 72 77 111 
64 46 54 55 56 57 58 59 60 64 
110 76 83 84 85 98 99 101 107 108 109 110 112 113 122 123 
201 186 187 198 199 200 201 210 211 212 222 223 233 234 235 236 
86 73 78 79 80 86 87 88 92 95 96 100 103 
221 202 203 204 213 221 224 225 226 227 
106 74 75 81 82 89 90 91 93 94 97 102 104 105 106 118 119 
116 114 115 116 117 127 128 129 134 
143 124 125 126 131 132 133 141 142 143 170 177 178 179 
172 135 136 144 145 146 147 148 149 150 164 165 166 171 172 173 180 181 182 188 189 190 197 
193 174 175 176 183 184 185 191 192 193 194 195 196 
