2165.24
13 0 7 8 13 14 15 17 18 22 23 25 26 28 30 31 32 33 
91 74 75 79 80 81 82 83 84 85 89 90 91 93 94 97 98 99 102 104 105 106 107 
43 29 34 40 41 42 43 44 49 50 51 52 53 61 62 63 66 67 68 69 70 
111 101 111 112 113 124 125 
122 108 109 110 120 121 122 123 130 131 139 140 159 160 161 162 163 
87 73 78 86 87 88 92 95 96 100 103 
64 35 36 37 38 39 46 47 48 54 55 56 57 58 59 60 64 
118 117 118 119 127 128 129 134 135 136 137 149 
3 2 3 12 24 27 
72 45 65 71 72 76 77 
1 1 4 5 6 9 10 11 16 19 20 21 
116 114 115 116 
143 126 132 133 141 142 143 170 178 179 
221 202 203 204 213 221 224 225 226 227 
198 177 185 186 187 198 199 200 201 209 210 211 
175 138 150 151 152 153 154 155 156 157 158 165 166 167 168 169 174 175 176 182 183 184 191 192 193 194 195 196 
171 144 145 146 147 148 164 171 172 173 180 181 188 189 190 197 
230 205 206 207 208 214 215 216 217 218 219 220 228 229 230 231 232 
236 212 222 223 233 234 235 236 
