2094.39
13 0 4 7 8 13 14 15 17 18 22 23 25 26 28 
101 76 101 108 109 110 
53 42 43 44 50 51 52 53 62 63 65 69 70 71 
20 1 5 6 9 10 11 16 19 20 21 29 34 
54 30 31 32 33 35 36 37 38 39 40 41 46 47 48 49 54 55 56 57 58 59 60 64 
72 45 72 77 
189 165 166 172 173 174 180 181 182 183 188 189 190 191 197 
74 61 66 67 68 74 75 81 82 83 84 85 91 97 98 99 
226 202 203 204 205 213 214 221 224 225 226 227 228 
134 114 115 116 117 118 127 128 129 134 135 136 137 144 145 146 147 148 149 150 151 152 164 171 
88 73 78 86 87 88 100 
236 201 210 211 212 222 223 233 234 235 236 
121 107 119 120 121 122 123 130 131 138 139 140 153 154 155 156 157 158 159 160 161 162 163 
12 2 3 12 24 27 
104 79 80 89 90 92 93 94 95 96 102 103 104 105 106 
126 111 112 113 124 125 126 132 133 141 142 143 
231 206 207 208 209 215 216 217 218 219 220 229 230 231 232 
185 167 168 169 175 176 184 185 192 193 194 195 196 198 199 200 
179 170 177 178 179 186 187 
