2159.14
0 0 4 7 8 13 14 15 17 18 22 23 28 
77 72 77 
99 74 75 82 83 84 85 91 94 97 98 99 101 107 108 109 110 
166 135 136 137 145 146 147 148 149 150 151 152 153 154 155 156 164 165 166 167 172 173 174 175 176 182 183 184 191 192 
120 105 106 118 119 120 121 122 138 139 140 157 158 159 
229 204 205 206 207 214 224 225 226 227 228 229 230 
45 27 45 
3 2 3 12 24 
179 170 177 178 179 186 187 
41 25 26 29 30 31 32 33 34 35 36 37 38 39 40 41 42 43 46 47 48 49 50 51 54 55 56 58 60 61 66 67 
71 44 52 53 62 63 65 68 69 70 71 76 
73 57 59 64 73 78 79 80 81 86 87 88 89 90 92 93 95 96 100 102 103 104 
10 1 5 6 9 10 11 16 19 20 21 
125 111 112 113 123 124 125 126 130 131 132 133 141 142 143 
185 160 161 162 163 168 169 185 193 194 195 196 198 
116 114 115 116 117 127 128 129 134 144 
220 199 200 208 209 210 215 216 217 218 219 220 222 231 232 
197 171 180 181 188 189 190 197 202 203 213 221 
236 201 211 212 223 233 234 235 236 
