1975.13
207 192 193 194 195 196 204 205 206 207 208 209 214 215 216 217 218 219 220 228 229 230 231 232 
0 0 4 5 7 8 13 14 15 17 18 22 23 26 
236 201 210 211 212 222 223 233 234 235 236 
6 1 2 6 9 10 11 16 20 21 
127 114 115 116 117 118 127 128 129 134 135 144 145 146 147 
12 3 12 24 27 
45 45 65 
122 110 112 113 120 121 122 123 130 131 140 160 161 162 163 
42 19 29 34 40 41 42 43 44 49 50 51 52 53 61 62 63 66 67 
77 72 77 111 
100 73 78 79 86 87 88 92 95 96 100 102 103 
54 25 28 30 31 32 33 35 36 37 38 39 46 47 48 54 55 56 57 58 59 60 64 
153 136 137 138 139 148 149 150 151 152 153 154 155 156 157 158 159 165 166 167 168 169 174 175 176 184 
84 68 69 70 71 74 75 76 83 84 85 98 99 101 107 108 109 
221 202 203 213 221 224 225 226 227 
106 80 81 82 89 90 91 93 94 97 104 105 106 119 
143 124 125 126 132 133 141 142 143 
181 164 171 172 173 180 181 182 183 188 189 190 191 197 
186 170 177 178 179 185 186 187 198 199 200 
