1992.68
0 0 4 7 8 13 14 15 17 18 22 23 26 
122 121 122 123 130 131 139 140 159 
99 74 75 76 83 84 85 98 99 101 107 108 109 110 
236 223 233 234 235 236 
144 114 115 116 117 127 128 129 134 135 144 145 146 147 164 171 172 173 
54 25 28 30 31 32 33 35 36 37 38 39 40 46 47 48 54 55 56 57 58 59 60 64 
43 29 34 41 42 43 44 49 50 51 52 53 61 62 63 66 67 68 69 70 
87 73 78 86 87 88 100 
72 45 65 71 72 77 
12 3 12 24 27 
104 79 80 81 82 89 90 91 92 93 94 95 96 97 102 103 104 105 106 
11 1 2 5 6 9 10 11 16 19 20 21 
126 111 112 113 124 125 126 132 133 141 142 143 
229 204 205 206 207 214 215 218 224 225 226 227 228 229 230 231 232 
137 118 119 120 136 137 138 148 149 150 151 152 153 154 155 156 157 158 165 166 167 
193 168 169 174 175 176 183 184 185 191 192 193 194 195 196 
170 160 161 162 163 170 177 178 179 186 187 
197 180 181 182 188 189 190 197 202 203 213 221 
199 198 199 200 201 208 209 210 211 212 216 217 219 220 222 
