2144.37
3 2 3 12 24 
229 204 205 206 214 215 216 217 218 219 220 227 228 229 230 231 232 
45 27 44 45 65 
161 122 123 130 131 138 139 140 154 155 156 157 158 159 160 161 162 163 167 168 169 
23 0 7 8 13 14 15 17 18 22 23 25 26 28 30 31 32 33 
67 39 40 41 42 48 49 50 51 52 53 61 62 63 66 67 68 69 70 74 
64 35 36 37 38 46 47 54 55 56 57 58 59 60 64 
89 73 78 79 80 81 82 89 90 91 92 93 94 95 96 97 102 103 104 105 106 
20 1 4 5 6 9 10 11 16 19 20 21 29 34 43 
77 71 72 77 111 
99 75 76 83 84 85 98 99 101 107 108 109 110 
88 86 87 88 100 114 115 116 
143 112 113 124 125 126 132 133 141 142 143 
119 117 118 119 120 121 127 136 137 149 150 151 152 153 
171 128 129 134 135 144 145 146 147 148 164 165 166 171 172 173 180 181 182 188 189 190 197 
186 170 177 178 179 186 187 198 199 200 
196 174 175 176 183 184 185 191 192 193 194 195 196 207 208 209 
236 201 210 211 212 222 223 233 234 235 236 
221 202 203 213 221 224 225 226 
