1933.05
7 0 4 7 8 13 14 15 17 18 22 23 25 26 28 30 31 32 
171 144 145 146 164 171 172 173 180 181 182 188 
10 1 5 6 9 10 11 16 19 20 21 
137 118 119 120 135 136 137 138 147 148 149 150 151 152 153 154 155 156 165 166 
45 27 45 
49 29 33 34 35 36 37 38 39 40 41 42 43 46 47 48 49 50 51 54 55 56 57 58 59 60 61 66 67 
3 2 3 12 24 
186 170 177 178 179 186 187 198 
71 44 52 53 62 63 65 68 69 70 71 76 
126 111 112 113 124 125 126 132 133 141 142 143 
86 64 73 78 79 80 81 86 87 88 89 90 92 93 95 96 100 102 103 104 
77 72 77 101 
107 74 75 82 83 84 85 91 94 97 98 99 105 106 107 108 109 110 121 
162 122 123 130 131 139 140 157 158 159 160 161 162 163 167 168 169 
116 114 115 116 117 127 128 129 134 
216 199 200 206 207 208 209 215 216 217 218 219 220 229 230 231 232 
193 174 175 176 183 184 185 191 192 193 194 195 196 
203 189 190 197 202 203 204 205 213 214 221 224 225 226 227 228 
236 201 210 211 212 222 223 233 234 235 236 
