2174.77
217 199 200 207 208 209 210 215 216 217 218 219 220 222 231 232 
10 1 5 6 9 10 11 16 19 20 21 34 
179 170 177 178 179 186 187 
64 30 31 35 36 37 46 54 55 56 57 58 59 60 64 
66 38 39 40 41 42 47 48 49 50 61 62 66 67 68 
0 0 4 7 8 13 14 15 17 18 22 23 25 26 28 29 32 33 
228 204 205 206 214 225 226 227 228 229 230 
44 43 44 51 52 53 63 65 
88 73 86 87 88 100 114 115 116 
3 2 3 12 24 27 
72 45 72 77 
84 69 70 71 74 75 76 83 84 85 98 99 101 107 108 109 110 
185 160 161 162 163 167 168 169 175 176 184 185 192 193 194 195 196 198 
93 78 79 80 81 82 89 90 91 92 93 94 95 96 97 102 103 104 105 106 
172 127 128 129 134 135 136 144 145 146 147 148 149 150 164 165 166 171 172 173 174 180 181 182 183 188 189 190 191 
126 111 112 113 123 124 125 126 131 132 133 141 142 143 
120 117 118 119 120 121 122 130 137 138 139 140 151 152 153 154 155 156 157 158 159 
236 201 211 212 223 233 234 235 236 
213 197 202 203 213 221 224 
