2010.61
3 2 3 12 24 
48 26 29 33 35 36 37 38 39 40 41 42 46 47 48 49 50 54 55 56 57 58 59 60 61 66 67 
20 1 4 5 6 9 10 11 16 19 20 21 34 43 
97 74 75 81 82 83 89 90 91 93 94 97 98 99 104 105 106 107 108 
45 27 45 
69 44 51 52 53 62 63 65 68 69 70 71 76 84 85 
23 0 7 8 13 14 15 17 18 22 23 25 28 30 31 32 
188 164 165 166 171 172 173 174 180 181 182 183 188 189 190 191 197 
73 64 73 78 79 80 86 87 88 92 95 96 100 102 103 
77 72 77 101 
236 223 233 234 235 236 
121 109 110 119 120 121 122 123 130 131 138 139 140 153 154 155 156 157 158 159 160 161 162 163 
126 111 112 113 124 125 126 132 133 141 142 143 
129 114 115 116 117 118 127 128 129 134 135 136 137 144 145 146 147 148 149 150 151 152 
231 206 207 208 215 216 217 218 219 220 229 230 231 232 
185 167 168 169 175 176 184 185 192 193 194 195 196 
179 170 177 178 179 186 187 
200 198 199 200 201 209 210 211 212 222 
226 202 203 204 205 213 214 221 224 225 226 227 228 
